20MICRONS,20200813,34,34.3,32.25,32.8,157695
21STCENMGM,20200813,10.45,10.65,10.45,10.55,2373
3IINFOTECH,20200813,2.75,2.75,2.7,2.75,5351486
3MINDIA,20200813,21699.95,22000,21521,21888.55,4930
5PAISA,20200813,360,360,347.05,350.4,11955
63MOONS,20200813,82,82.5,78.05,79.45,23171
A2ZINFRA,20200813,4.2,4.2,4.05,4.1,356459
AARTIDRUGS,20200813,2075,2249.85,2073.2,2132.3,244820
AARTIIND,20200813,997,1023.45,982.3,1000,690950
AARTISURF,20200813,345.15,345.15,345.15,345.15,261235
AARVEEDEN,20200813,9.5,10.2,9.5,10.2,7468
AARVI,20200813,31,31,29.3,30.75,3402
AAVAS,20200813,1440,1463.95,1381.8,1411.25,20216
ABAN,20200813,28,28.7,28,28.7,114934
ABB,20200813,909.5,939.25,908.55,932.4,220454
ABBOTINDIA,20200813,16800,16872.5,16600,16672.85,9794
ABCAPITAL,20200813,59.95,61.7,59.6,60.7,2976363
ABFRL,20200813,120.4,132.8,119.6,129.85,7822576
ABMINTLTD,20200813,17.6,17.6,17.6,17.6,1408
ABSLBANETF,20200813,225.42,225.42,217.51,223.55,174
ABSLNN50ET,20200813,292.7,305.01,275.9,281.41,1540
ACC,20200813,1417.85,1427.95,1391.75,1394.55,895953
ACCELYA,20200813,1013,1034.8,1012.05,1019.2,8290
ACE,20200813,61.15,62.5,60,61.5,367570
ADANIENT,20200813,198.9,203.3,197.75,200.75,3552469
ADANIGAS,20200813,160.7,162.45,158.4,159.55,972123
ADANIGREEN,20200813,363.75,369.25,361,362.15,295625
ADANIPORTS,20200813,343.55,348.95,341.75,347.65,2707033
ADANIPOWER,20200813,37.35,37.95,37.15,37.65,2346928
ADANITRANS,20200813,248.6,250.45,240,240.95,230861
ADFFOODS,20200813,388,404.75,385.65,403.45,112111
ADHUNIKIND,20200813,19.65,19.75,19,19.55,13602
ADORWELD,20200813,258.55,272.8,257.5,262.5,24326
ADSL,20200813,22.4,22.65,21.35,22.65,210025
ADVANIHOTR,20200813,43.05,47.45,42.6,46.15,30257
ADVENZYMES,20200813,209,214.6,202.9,208,791770
AEGISCHEM,20200813,203.1,204.25,196.5,197.8,235846
AFFLE,20200813,2124,2198.9,2124,2148.4,94589
AGARIND,20200813,112,119.2,110.8,119.2,127428
AGCNET,20200813,335.8,335.8,311.05,324,7883
AGRITECH,20200813,33.35,33.35,32.1,32.35,2031
AGROPHOS,20200813,11.85,12.3,11.3,11.3,50506
AHLEAST,20200813,143.9,150,139.05,146.95,1952
AHLUCONT,20200813,232.8,237.5,224.15,235.2,13500
AHLWEST,20200813,260.95,280,260.95,267,1495
AIAENG,20200813,1641.1,1683.95,1640.95,1673.55,29425
AIONJSW,20200813,16.1,16.7,14.55,14.9,330542
AIRAN,20200813,12.4,12.4,11.7,12.05,16528
AJANTPHARM,20200813,1639.3,1663.2,1600,1616.65,114336
AJMERA,20200813,92.8,93,85.65,86.8,344108
AKASH,20200813,181,185,176.25,181.35,61780
AKSHARCHEM,20200813,241,244,238,239,37897
AKSHOPTFBR,20200813,5.25,5.35,5.1,5.3,113993
AKZOINDIA,20200813,2049.95,2049.95,1995,2005.95,14587
ALANKIT,20200813,19.1,19.1,17.8,18.05,129851
ALBERTDAVD,20200813,494.05,513.7,488.55,492.1,53227
ALCHEM,20200813,5.05,5.05,4.75,4.8,63142
ALEMBICLTD,20200813,84.1,87.7,84.1,86.95,1175325
ALICON,20200813,306.6,307,292.25,305.45,4735
ALKALI,20200813,46.1,53.7,45.7,52.1,233590
ALKEM,20200813,2812.15,2930,2802.85,2909.7,372603
ALKYLAMINE,20200813,2700.05,2850,2700.05,2824.75,95092
ALLCARGO,20200813,101.7,104.9,100.5,101,146946
ALLSEC,20200813,273,300,261.35,292.2,26974
ALMONDZ,20200813,9.7,9.95,9.05,9.7,18058
ALOKINDS,20200813,39.9,39.9,36.55,37.25,41317291
ALPA,20200813,26.2,26.35,25.5,25.7,74237
ALPHAGEO,20200813,171,175.45,167.55,171.6,23312
ALPSINDUS,20200813,1.1,1.15,1.1,1.15,17386
AMARAJABAT,20200813,743.45,757.5,738.85,744,727322
AMBER,20200813,1655,1695,1655,1684.8,45003
AMBIKCO,20200813,671.3,675,665.15,673.7,4746
AMBUJACEM,20200813,222.3,224.85,219.8,222,2238707
AMDIND,20200813,16.25,19.3,16,18.7,761688
AMJLAND,20200813,19.2,19.5,18.6,19.25,13678
AMRUTANJAN,20200813,491,525,482.1,492.25,1184855
ANANTRAJ,20200813,27.9,28.4,26.5,26.5,161008
ANDHRACEMT,20200813,5.55,5.65,5.3,5.4,229219
ANDHRAPAP,20200813,218.8,221.7,216.6,218.1,73634
ANDHRSUGAR,20200813,344.95,347.5,315.6,317.55,247538
ANIKINDS,20200813,14,14,13.05,13.2,8534
ANKITMETAL,20200813,0.65,0.75,0.65,0.75,26063
ANSALAPI,20200813,4.5,4.5,4.2,4.3,32770
ANSALHSG,20200813,4.4,4.5,4.2,4.35,27055
ANUP,20200813,550,580,550,552.45,23688
APARINDS,20200813,300.65,312.4,300.5,310.35,61737
APCL,20200813,159.95,160,153.5,155.75,39639
APCOTEXIND,20200813,121,144.7,120.15,141,1069646
APEX,20200813,249.8,274.9,245.3,268.65,1771339
APLAPOLLO,20200813,2080,2129.55,2070.05,2112.8,73770
APLLTD,20200813,1084.95,1107,1071.6,1077.95,414168
APOLLO,20200813,128.7,134.2,128.1,132.55,965380
APOLLOHOSP,20200813,1725,1777.9,1711.5,1725.1,1005175
APOLLOPIPE,20200813,397,468.65,397,415.75,168990
APOLLOTYRE,20200813,130,133.7,128.75,131.85,10303156
APOLSINHOT,20200813,497.05,522,497.05,504.55,2089
APTECHT,20200813,117.7,118.2,114.25,114.75,343360
ARCHIDPLY,20200813,27.65,28.2,26.75,27.2,32965
ARCHIES,20200813,11.75,12.2,11.55,12.2,44960
ARCOTECH,20200813,2.55,2.65,2.55,2.65,38347
ARENTERP,20200813,10.8,11.45,10.8,10.9,681
ARIES,20200813,68.8,68.8,65.15,66.95,30379
ARIHANT,20200813,15.15,16.5,15.15,15.7,6582
ARIHANTSUP,20200813,21.7,21.7,20.55,21.55,3410
ARMANFIN,20200813,443.65,449.8,436.2,438.05,11295
AROGRANITE,20200813,29.95,33.65,27.9,30.65,128526
ARROWGREEN,20200813,41.15,42.85,41.15,42,1725
ARSHIYA,20200813,9.95,10,9.55,10,143458
ARSSINFRA,20200813,13.2,13.25,12.75,13.1,12783
ARTEMISMED,20200813,177.95,178,168.2,170.9,1725
ARVIND,20200813,35.6,35.9,34.5,34.7,7165038
ARVINDFASN,20200813,137.4,139.15,132.55,139.15,911379
ARVSMART,20200813,103.1,104.85,95.8,97.7,944267
ASAHIINDIA,20200813,200,200,192.55,197.2,18537
ASAHISONG,20200813,216.3,216.9,211,212.35,16562
ASAL,20200813,19.5,20.1,19.25,19.5,13810
ASALCBR,20200813,265.5,267.95,263,266,62829
ASHAPURMIN,20200813,48.7,48.7,45.5,45.75,51773
ASHIANA,20200813,78,81.7,78,81.7,314292
ASHIMASYN,20200813,5.65,5.75,5.4,5.6,68090
ASHOKA,20200813,61.45,66.4,61.35,64.55,8741022
ASHOKLEY,20200813,53,62,52.3,61.1,245009983
ASIANHOTNR,20200813,58.9,63,57.4,61.9,45333
ASIANPAINT,20200813,1806.4,1815,1788,1802.55,1192385
ASIANTILES,20200813,225,228.3,223,224.05,67283
ASPINWALL,20200813,148.95,148.95,141,141,6871
ASTEC,20200813,1008,1022,992.3,998.25,101111
ASTERDM,20200813,128.5,135,128.5,134.65,592996
ASTRAL,20200813,1079,1080,1065.55,1070.35,73569
ASTRAMICRO,20200813,121.35,130.3,120.7,127.8,4265752
ASTRAZEN,20200813,3355,3374.8,3322,3350.75,21664
ASTRON,20200813,44.15,44.7,43.15,43.9,92558
ATFL,20200813,675.2,709,673.4,690.25,26928
ATLANTA,20200813,9.5,9.5,8.85,9.05,9048
ATLASCYCLE,20200813,44.35,45.6,43,44.5,14094
ATUL,20200813,5246,5341,5211,5266.8,11903
ATULAUTO,20200813,180.9,185,176.35,178.75,213769
AUBANK,20200813,729.9,732.9,711,716.65,225259
AURIONPRO,20200813,68.2,68.3,63,63,28126
AUROPHARMA,20200813,927,927,875,881.3,11655107
AUSOMENT,20200813,31.1,31.45,28.3,30.3,7918
AUTOAXLES,20200813,565,658.85,545,641.35,155154
AUTOIND,20200813,45.7,45.7,41.4,41.4,61975
AUTOLITIND,20200813,23.5,23.5,21.5,21.75,18237
AVADHSUGAR,20200813,191,193.45,187,188.95,42576
AVANTIFEED,20200813,472,510,472,501.8,2733111
AVTNPL,20200813,45.8,45.9,45,45.1,157377
AXISBANK,20200813,454.1,456.75,445.35,448.1,21885898
AXISCADES,20200813,65.15,65.15,62,63.1,130714
AXISGOLD,20200813,47.95,47.95,45.5,45.6,259846
AXISNIFTY,20200813,116.32,117.29,116,116.23,12515
AYMSYNTEX,20200813,24.2,26.1,22.5,25.35,46086
BAGFILMS,20200813,2.85,2.85,2.7,2.8,228423
BAJAJ-AUTO,20200813,3040,3040,3000,3017.95,462333
BAJAJCON,20200813,189,192,182,183.45,1103631
BAJAJELEC,20200813,444,450.1,434,436.95,216997
BAJAJFINSV,20200813,6400,6432,6324.1,6350,390585
BAJAJHIND,20200813,6.05,6.05,5.85,5.95,2237287
BAJAJHLDNG,20200813,2699.35,2733.6,2670.55,2686.85,16766
BAJFINANCE,20200813,3450,3472,3401,3419.65,4663383
BALAJITELE,20200813,92.85,94,91.2,92,381523
BALAMINES,20200813,670,698,663.55,672.45,541328
BALAXI,20200813,382.55,382.55,370.3,382.55,16408
BALKRISHNA,20200813,13.55,14.35,13.55,13.85,3352
BALKRISIND,20200813,1388.95,1405,1363.55,1385.7,711345
BALLARPUR,20200813,2.3,2.3,2.3,2.3,797396
BALMLAWRIE,20200813,114.15,116.65,114.15,115.35,146066
BALPHARMA,20200813,48.5,50.95,48.5,49.6,79133
BALRAMCHIN,20200813,143,145.1,140.25,140.7,1401763
BANARBEADS,20200813,43.3,44.9,43.2,44,8760
BANARISUG,20200813,1328.95,1328.95,1300.1,1300.15,718
BANCOINDIA,20200813,89.9,92.9,88.05,88.85,729488
BANDHANBNK,20200813,298.3,300.6,289,290.9,14223109
BANG,20200813,16.05,18,16,17.3,10882
BANKBARODA,20200813,48.8,49,47.8,48.1,21612267
BANKBEES,20200813,225.48,226.56,222.63,223.16,442704
BANKINDIA,20200813,49.3,49.55,47.85,48.4,1820359
BANSWRAS,20200813,62.9,66.95,61.65,64.2,93153
BASF,20200813,1324,1326.85,1286.6,1295.05,47145
BASML,20200813,92.95,94.9,87.1,90.3,6368
BATAINDIA,20200813,1245,1249,1213.8,1237.1,919494
BAYERCROP,20200813,5850,6200,5840,6057.3,60523
BBL,20200813,802,824.9,743.9,760.65,44609
BBTC,20200813,1446.7,1518.8,1445.95,1468.6,348100
BCG,20200813,8,8.15,7.65,7.95,2650039
BCP,20200813,5.55,5.55,5.55,5.55,81678
BDL,20200813,426.5,464.8,426.5,459.65,4234324
BEARDSELL,20200813,8.15,8.15,7.55,7.55,8331
BEDMUTHA,20200813,14.2,14.2,13.6,13.75,7039
BEL,20200813,111,115.4,109.65,114.45,29955940
BEML,20200813,683,726,675.2,714.35,1723830
BEPL,20200813,45.5,46.65,45.5,45.7,261145
BERGEPAINT,20200813,555,559.3,548.05,550.85,1376148
BFINVEST,20200813,311.9,321.55,308,313.25,55753
BFUTILITIE,20200813,247.8,254.45,246.4,251.95,359052
BGRENERGY,20200813,40,40.2,39.1,39.8,68358
BHAGERIA,20200813,146.8,146.8,138,138.55,91213
BHAGYANGR,20200813,17.5,17.5,16.8,17,10534
BHAGYAPROP,20200813,22.95,22.95,21.6,22.2,8796
BHANDARI,20200813,1.35,1.35,1.25,1.25,214600
BHARATFORG,20200813,439.1,507,437,502.9,27030796
BHARATGEAR,20200813,60.2,62.3,56.2,58.5,50041
BHARATRAS,20200813,11000,11000,10555,10613.6,6894
BHARATWIRE,20200813,25.3,25.45,24.15,24.45,109040
BHARTIARTL,20200813,534,548.3,524.25,535.35,36774554
BHEL,20200813,36.5,39.55,36.2,38.95,128234342
BIGBLOC,20200813,39.5,39.5,39,39.1,30139
BIL,20200813,139.85,148.75,139.2,144.55,4509
BILENERGY,20200813,1,1,0.95,0.95,1008628
BINDALAGRO,20200813,10.4,10.45,10.1,10.2,16839
BIOCON,20200813,399,401.1,391.7,393.25,4016926
BIOFILCHEM,20200813,28.4,28.4,28.4,28.4,28820
BIRLACABLE,20200813,55,56.6,53,53.5,137155
BIRLACORPN,20200813,605.9,617.5,602.1,608.35,251252
BIRLAMONEY,20200813,36.85,37.5,36.25,36.35,235016
BIRLATYRE,20200813,27,27,24.5,24.5,1112894
BKMINDST,20200813,1.1,1.15,1.05,1.05,72869
BLBLIMITED,20200813,4.3,4.5,4.1,4.15,12243
BLISSGVS,20200813,130,136.35,129.85,131.3,1076141
BLKASHYAP,20200813,6.75,6.75,6.2,6.25,92415
BLS,20200813,105.4,109,104.9,109,341566
BLUECOAST,20200813,4.3,4.3,4.3,4.3,760
BLUEDART,20200813,1978.2,1979.2,1939,1943.35,35778
BLUESTARCO,20200813,527,534.8,513.15,517.9,114596
BODALCHEM,20200813,75.1,79.9,75.1,77.1,2046602
BOMDYEING,20200813,67,68.3,66.8,67.1,1308018
BOROLTD,20200813,156.5,160,151.05,154.7,32003
BORORENEW,20200813,79,80.75,76.5,79.35,226889
BOSCHLTD,20200813,14300,14725.85,14078.35,14397.05,107444
BPCL,20200813,420,426.2,416.5,421.15,5840867
BPL,20200813,20,20.5,19.55,19.9,19707
BRFL,20200813,8.85,9,8.75,8.9,46713
BRIGADE,20200813,146.75,149.95,145.75,148.3,195087
BRITANNIA,20200813,3823.8,3857.85,3792.05,3808.25,513264
BRNL,20200813,36.1,40.4,34,36.25,496726
BROOKS,20200813,37.7,37.8,36.5,37.8,47350
BSE,20200813,504,505.7,493,495,195706
BSELINFRA,20200813,1.3,1.35,1.25,1.25,121939
BSL,20200813,25.95,26.5,24.7,25.1,16095
BSLGOLDETF,20200813,4780,4865,4780,4837.1,559
BSLNIFTY,20200813,122,123.99,121.51,123.47,70
BSOFT,20200813,147.85,148.6,145.55,146.4,1131727
BURNPUR,20200813,1.4,1.4,1.4,1.4,46664
BUTTERFLY,20200813,129.25,132,126.05,128.55,57024
BVCL,20200813,13.6,13.6,13.6,13.6,188
BYKE,20200813,14.4,16.4,14,15.85,607223
CADILAHC,20200813,393.5,394.55,385.25,386.4,5405124
CALSOFT,20200813,8.3,9.2,8.3,8.65,21124
CAMLINFINE,20200813,97,97.2,90,91.95,1586209
CANBK,20200813,102.7,103.25,101.6,102.15,3380711
CANFINHOME,20200813,371,374,365,366.6,234728
CANTABIL,20200813,305,320,302.4,316.8,316425
CAPACITE,20200813,108.1,116.8,106.95,114.7,312822
CAPLIPOINT,20200813,510.2,561.1,510.1,556.15,1646813
CAPTRUST,20200813,70,72.4,67.1,69.95,4417
CARBORUNIV,20200813,255.95,258.5,253.7,257.2,285089
CAREERP,20200813,136.5,141.3,135.3,137.85,32855
CARERATING,20200813,404.95,416.6,403.05,410.2,68864
CASTROLIND,20200813,120.75,122.1,120.7,121.75,644018
CCCL,20200813,0.45,0.45,0.45,0.45,243866
CCHHL,20200813,3.05,3.35,3.05,3.2,90814
CCL,20200813,260.15,264,258.05,260.15,111881
CDSL,20200813,360.25,366,359.95,361.95,795116
CEATLTD,20200813,892.55,899.55,886.3,891.05,57808
CEBBCO,20200813,12.85,12.95,12.55,12.65,17168
CELEBRITY,20200813,4.85,4.85,4.65,4.7,68767
CENTENKA,20200813,164.3,166.45,162,165.1,31863
CENTEXT,20200813,4.9,4.95,4.65,4.65,271377
CENTRALBK,20200813,18.3,18.35,17.9,17.95,1060779
CENTRUM,20200813,14.95,14.95,13.85,14.2,282642
CENTUM,20200813,368.05,371.95,360.35,367.15,12969
CENTURYPLY,20200813,130.85,136.75,130.5,135.85,706549
CENTURYTEX,20200813,317.5,319.3,310.5,316.35,771479
CERA,20200813,2366.9,2402.3,2356,2373.3,3142
CEREBRAINT,20200813,27.5,27.8,27.25,27.25,138936
CESC,20200813,582,605,576,596.85,564301
CESCVENT,20200813,218.05,221.25,211.35,213.5,71120
CGCL,20200813,205.95,205.95,201,201.7,48156
CGPOWER,20200813,13.2,13.2,13.2,13.2,828329
CHALET,20200813,136.65,149,136.1,145.05,1278503
CHAMBLFERT,20200813,155.4,156.7,154.6,155.35,888307
CHEMBOND,20200813,158.7,160,154,158.65,13402
CHEMFAB,20200813,139.05,141.85,135.85,136.6,6006
CHENNPETRO,20200813,81.8,82.5,79.9,80,869597
CHOLAFIN,20200813,211,227.3,210.1,225.15,13776888
CHOLAHLDNG,20200813,379,394,370,389,142696
CHROMATIC,20200813,1.1,1.1,1,1.1,150787
CIGNITITEC,20200813,281.1,286.7,281.1,283.2,20126
CIMMCO,20200813,20.1,21.75,20.05,21,49725
CINELINE,20200813,30.4,31,27.25,28.25,562343
CINEVISTA,20200813,7.25,7.25,6.65,7.2,39700
CIPLA,20200813,765.95,782.9,754.1,760.25,13741283
CLEDUCATE,20200813,39.6,45.55,38.5,43.4,162828
CLNINDIA,20200813,403,412.45,401.75,406.65,67204
CMICABLES,20200813,34.85,36.5,34.8,35.5,54281
CNOVAPETRO,20200813,5.7,6.15,5.7,6.15,1445
COALINDIA,20200813,128.75,130.15,128.3,128.95,7333041
COCHINSHIP,20200813,348.05,351.85,343,344.35,255598
COLPAL,20200813,1454,1456.85,1429.75,1434.35,525751
COMPINFO,20200813,13.4,13.4,12.7,13,133391
COMPUSOFT,20200813,8.4,8.4,7.95,8.2,30197
CONCOR,20200813,365,379.5,365,377.1,7011850
CONFIPET,20200813,20,20,19.5,19.6,140823
CONSOFINVT,20200813,27.1,27.9,27.05,27.45,8299
CONTROLPR,20200813,214,217,211.55,216.1,9579
CORALFINAC,20200813,19.25,20.35,18.95,19.45,28240
CORDSCABLE,20200813,40.8,41.1,39.05,40.15,38783
COROMANDEL,20200813,772.3,774.3,744.55,747.9,468070
COSMOFILMS,20200813,447.05,460,445,447.15,153083
COUNCODOS,20200813,1.45,1.45,1.3,1.4,25122
CPSEETF,20200813,17.91,17.91,17.7,17.88,1749213
CREATIVE,20200813,107,111,104,104.15,11949
CREATIVEYE,20200813,1.45,1.45,1.4,1.4,1100
CREDITACC,20200813,586.35,614.35,586.35,605.25,102532
CREST,20200813,88.6,88.6,80.2,80.7,13803
CRISIL,20200813,1730.05,1778,1730,1746.4,32572
CROMPTON,20200813,250.95,253.3,248.1,251,1107730
CSBBANK,20200813,192.15,196,192,192.7,46691
CTE,20200813,22.75,22.75,20.05,20.25,23651
CUB,20200813,118.35,119.2,116.55,116.8,1562145
CUBEXTUB,20200813,13,13.45,12.5,12.8,13165
CUMMINSIND,20200813,422,448.7,413.6,436.75,3089891
CUPID,20200813,245.45,254,242.1,243.2,67666
CYBERTECH,20200813,56.9,57,54.15,56.45,306476
CYIENT,20200813,373.7,383.9,372.5,378.8,428372
DAAWAT,20200813,60.4,61.25,59.05,59.9,1112611
DABUR,20200813,508.9,509.3,495.75,497.85,3607640
DALBHARAT,20200813,790,804.35,786.4,791.65,99180
DALMIASUG,20200813,143,145.9,134.2,136.25,344883
DAMODARIND,20200813,27.55,27.7,26.55,27.2,11666
DATAMATICS,20200813,65.55,67.35,63.15,64.15,55224
DBCORP,20200813,78.8,82.9,78.55,80.5,990164
DBL,20200813,346,355.9,344,351.1,839540
DBREALTY,20200813,7.65,7.8,7.4,7.45,293471
DBSTOCKBRO,20200813,11.6,11.95,10.85,11.55,6134
DCAL,20200813,198,202.5,192,194.25,440582
DCBBANK,20200813,83.45,83.55,82.25,82.6,1079099
DCM,20200813,20.95,22.5,19.85,20.35,12537
DCMFINSERV,20200813,1.3,1.3,1.3,1.3,3159
DCMNVL,20200813,27.8,28.8,27,27.3,32828
DCMSHRIRAM,20200813,359.15,360.1,353.25,355.2,66594
DCW,20200813,11.55,11.7,11.4,11.5,209812
DECCANCE,20200813,263.7,273.05,262,270.25,179035
DEEPAKFERT,20200813,167.8,167.8,160,161,1147745
DEEPAKNTR,20200813,602.85,624.9,594,601.8,1838732
DEEPIND,20200813,72.85,73.9,70.6,71.65,32521
DELTACORP,20200813,112.35,117.95,110.2,116.6,6373111
DELTAMAGNT,20200813,20.55,21.45,20.55,21.1,3568
DEN,20200813,84.9,84.9,82,82.15,89069
DENORA,20200813,220.05,227,217.75,221.5,3595
DFMFOODS,20200813,246,258,239,242.05,123370
DGCONTENT,20200813,6.45,6.95,6.45,6.95,5194
DHAMPURSUG,20200813,141,142.6,137,137.55,540794
DHANBANK,20200813,13.25,13.45,12.9,12.95,962675
DHANUKA,20200813,827,832.75,815.4,821.35,72895
DHARSUGAR,20200813,6.15,6.15,5.85,6.15,14138
DHFL,20200813,14.1,14.25,13.8,13.9,1000835
DHUNINV,20200813,215,230,212,224.6,7652
DIAMONDYD,20200813,575,587.35,566.45,582.25,12599
DICIND,20200813,392.05,394.4,380.5,384.55,10675
DIGISPICE,20200813,6.1,6.5,6.1,6.5,19919
DISHTV,20200813,8.85,9.2,8.3,8.4,15465766
DIVISLAB,20200813,3110,3180,3093.65,3125.5,1916602
DIXON,20200813,8133.95,8150,7950,8102.5,44501
DLF,20200813,147,149,145.7,147.75,7889782
DLINKINDIA,20200813,106.75,107.5,101.6,103.85,482262
DMART,20200813,2177,2213.45,2150,2207.1,598902
DNAMEDIA,20200813,0.5,0.5,0.45,0.5,44676
DOLAT,20200813,56.5,56.75,55,56.5,70758
DOLLAR,20200813,137.8,144.5,136.3,142.3,850976
DONEAR,20200813,29.7,29.8,28.5,28.65,64184
DPSCLTD,20200813,12.05,12.45,11.85,12.15,26246
DPWIRES,20200813,58,58,55,55.5,1506
DQE,20200813,1.4,1.45,1.35,1.35,67253
DREDGECORP,20200813,261.95,270.7,260.55,265.9,166782
DRREDDY,20200813,4550.15,4590.45,4491.75,4502.25,910042
DSSL,20200813,23,23.8,22.85,23.25,14384
DTIL,20200813,220.45,234,219.95,228.9,24354
DUCON,20200813,3.95,4.1,3.9,3.95,70877
DVL,20200813,52.5,56,52.15,55.05,14951
DWARKESH,20200813,29.3,29.95,28.5,28.85,1302941
DYNAMATECH,20200813,640,684.05,630.5,667.25,102985
DYNPRO,20200813,212,228,211,221.6,951215
EASTSILK,20200813,1.15,1.15,1.05,1.15,3722
EBANK,20200813,2431.23,2431.23,2431.23,2431.23,1
EBBETF0423,20200813,1078.8,1081.49,1078.75,1081.42,15507
EBBETF0425,20200813,1003,1003.94,1000.52,1000.56,1859
EBBETF0430,20200813,1101.25,1105.5,1099,1104.44,18502
EBBETF0431,20200813,997,997.99,995.81,996.02,8405
EBIXFOREX,20200813,520,520,495,507.6,4553
ECLERX,20200813,544.5,623.15,544.5,623.15,674880
EDELWEISS,20200813,77.5,78.5,75.6,76.75,599411
EICHERMOT,20200813,22116.65,22299.95,21555.15,21672.95,220374
EIDPARRY,20200813,293,295.1,290.2,291.85,627494
EIHAHOTELS,20200813,264,283.8,256.2,271.6,130192
EIHOTEL,20200813,68,77.2,67.6,76.15,6127630
EIMCOELECO,20200813,335,340.05,325.95,335.1,2255
EKC,20200813,24.8,24.95,23.75,23.95,173842
ELECON,20200813,26.4,27.3,26.4,26.8,108828
ELECTCAST,20200813,15.3,16.5,15.2,15.85,1174758
ELECTHERM,20200813,122,139.9,120.05,139.9,221898
ELGIEQUIP,20200813,196.35,219,192.1,215.25,384540
ELGIRUBCO,20200813,16.95,16.95,16.5,16.55,21041
EMAMILTD,20200813,332.2,332.2,308.5,324.9,1096393
EMAMIPAP,20200813,76.45,78.2,74.05,75.3,11861
EMAMIREAL,20200813,43.75,45.1,41.5,41.95,115377
EMKAY,20200813,50.6,53.25,49,52.1,16012
EMMBI,20200813,74.95,79.5,72.4,76.75,12322
ENDURANCE,20200813,998,1003.9,941.2,956.45,57986
ENERGYDEV,20200813,7.1,7.1,6.5,6.65,61052
ENGINERSIN,20200813,65.9,67.9,65.75,67.45,2987319
ENIL,20200813,131.8,134,127.05,131,133582
EQ30,20200813,310.1,334.8,310.05,321,1551
EQUITAS,20200813,52,53.2,51.95,52.7,8894914
ERIS,20200813,565,567,526,531.9,165569
EROSMEDIA,20200813,30.25,30.25,26.5,27.1,2798215
ESABINDIA,20200813,1390,1422,1390,1398.3,4161
ESCORTS,20200813,1120.9,1143,1116,1120.85,1412424
ESSARSHPNG,20200813,12.35,12.75,11.6,12.35,1201700
ESSELPACK,20200813,278.9,281.1,261,265.65,230203
ESTER,20200813,63.85,65.6,63.05,65.05,460319
EUROMULTI,20200813,0.9,0.95,0.9,0.95,3741
EUROTEXIND,20200813,8.05,8.1,8.05,8.1,210
EVEREADY,20200813,135.9,149.5,135.9,147.45,749970
EVERESTIND,20200813,232.7,235.45,229.35,230.45,65970
EXCEL,20200813,0.85,0.85,0.85,0.85,340094
EXCELINDUS,20200813,845,849.8,810,822.35,19322
EXIDEIND,20200813,168.3,169.55,165.25,166.15,2755605
EXPLEOSOL,20200813,362.9,372.8,362,370,17772
FACT,20200813,48.95,49.7,48.75,49,199950
FAIRCHEM,20200813,725,732.85,701.2,708.45,45356
FCL,20200813,32.3,33.75,31.85,33.25,642370
FCONSUMER,20200813,11.25,11.4,11.05,11.2,7547103
FCSSOFT,20200813,0.55,0.55,0.5,0.5,1210333
FDC,20200813,322,330,322,327.65,417777
FEDERALBNK,20200813,54.3,55,53.85,54,24143907
FEL,20200813,17.85,17.85,16.6,16.8,2953467
FELDVR,20200813,17.5,18.35,17.25,17.3,141100
FIEMIND,20200813,486.6,498.5,479.5,492.65,29600
FILATEX,20200813,25.95,26.25,25.25,25.55,144615
FINCABLES,20200813,270.35,278.8,268.4,276.35,300458
FINEORG,20200813,2300,2338,2171.6,2280.55,36987
FINPIPE,20200813,452.65,456,447.2,450.05,21948
FLEXITUFF,20200813,7.15,7.4,6.85,7.1,14366
FLFL,20200813,121,121,118.15,119.4,88351
FLUOROCHEM,20200813,481.8,488.35,466,470.2,29910
FMGOETZE,20200813,370,394.8,367.95,385.75,15562
FMNL,20200813,23,23.7,22.55,23.4,11503
FORCEMOT,20200813,923.5,977,923.5,963.25,78019
FORTIS,20200813,135,135.7,132.1,132.65,865724
FOSECOIND,20200813,1150.8,1200,1150.8,1169.75,4023
FRETAIL,20200813,105.1,107,103.75,104.5,3368817
FSC,20200813,140,143,139,139.65,41720
FSL,20200813,55.9,56.25,54.25,54.4,2406357
GABRIEL,20200813,90.95,94.15,90.5,91.3,571241
GAEL,20200813,189.8,194.9,186,188.35,155970
GAIL,20200813,98.8,99.6,96.5,97.4,19705877
GAL,20200813,2.85,3,2.85,2.9,13772
GALAXYSURF,20200813,1730,1949.5,1710,1886.45,412500
GALLANTT,20200813,33.2,33.2,30.75,31.55,11123
GALLISPAT,20200813,28.95,29.05,28,28.25,18491
GAMMNINFRA,20200813,0.9,0.9,0.85,0.9,1120492
GANDHITUBE,20200813,219,219,211.1,213.05,9572
GANECOS,20200813,223,229.9,223,225.05,8677
GANESHHOUC,20200813,24.95,25.45,23.4,24.45,12062
GANGESSECU,20200813,35.35,35.35,33.25,35.35,4977
GARDENSILK,20200813,11.6,12,11.1,11.4,49800
GARFIBRES,20200813,1870,1944.95,1850,1862.95,45370
GATI,20200813,43.3,44.75,43.05,44,585371
GAYAHWS,20200813,0.45,0.45,0.4,0.45,376658
GAYAPROJ,20200813,16.5,16.5,15.8,15.9,65571
GBGLOBAL,20200813,5.55,5.6,5.1,5.55,3740
GDL,20200813,82.7,83.3,82,82.35,60016
GEECEE,20200813,73.4,74.2,71.65,72.3,10830
GEEKAYWIRE,20200813,83.25,88.8,83.25,88,6904
GENESYS,20200813,40,41,39.8,40.7,23094
GENUSPAPER,20200813,5.1,5.3,5.1,5.2,164063
GENUSPOWER,20200813,26.7,26.9,25.7,25.8,154257
GEOJITFSL,20200813,40.9,41,39.45,39.8,319000
GEPIL,20200813,505.85,505.85,495,496.7,15703
GESHIP,20200813,265.1,271,260.1,264.1,135216
GET&D,20200813,113.45,113.45,113,113.45,102032
GFLLIMITED,20200813,94.85,95.9,91,92.25,49784
GFSTEELS,20200813,2.95,2.95,2.95,2.95,1169
GHCL,20200813,149.5,153.5,149.3,152,271323
GICHSGFIN,20200813,100.5,102.3,99,99.55,416676
GICRE,20200813,143,144.8,141.5,141.9,409224
GILLANDERS,20200813,28.9,31.75,28.8,29.15,657
GILLETTE,20200813,5040,5074,5010.15,5026.1,8513
GINNIFILA,20200813,11.85,11.85,11.1,11.65,66100
GIPCL,20200813,77.2,78.9,76.5,77.2,253573
GKWLIMITED,20200813,498.8,499.95,432.7,476.85,369
GLAXO,20200813,1475,1540,1461.65,1524.1,267310
GLENMARK,20200813,466,470.3,461.3,464.65,2103733
GLOBALVECT,20200813,58.5,63,58.45,60,285606
GLOBOFFS,20200813,5.3,5.3,5.1,5.3,11217
GLOBUSSPR,20200813,165.95,170,156,166.7,1049928
GMBREW,20200813,385.25,436,385.25,428.05,840204
GMDCLTD,20200813,42.95,43.8,42.75,42.9,1429527
GMMPFAUDLR,20200813,5920,6120,5510.25,5826.5,111103
GMRINFRA,20200813,21.65,21.9,21.1,21.45,11328648
GNA,20200813,205.1,212.95,204,209.7,99456
GNFC,20200813,171.8,174.2,167.5,169.05,1492138
GOACARBON,20200813,215.7,229,215.65,226,124311
GOCLCORP,20200813,172,178.5,171.1,173.45,45767
GODFRYPHLP,20200813,958.3,967.9,932.2,955.35,56577
GODREJAGRO,20200813,482.3,496.2,475.5,490.25,879271
GODREJCP,20200813,692.8,716.7,690.5,709.2,3535866
GODREJIND,20200813,392,394,376,382.3,273837
GODREJPROP,20200813,880.1,890.95,866.7,872.75,227437
GOKEX,20200813,52.6,57,50.6,53.5,508657
GOKUL,20200813,16.3,16.5,15.25,16.35,40964
GOKULAGRO,20200813,15.35,15.6,14.35,14.95,47108
GOLDBEES,20200813,46.09,46.29,45.68,45.99,5994190
GOLDENTOBC,20200813,22,22,21.3,21.8,16647
GOLDIAM,20200813,113.8,115,112.4,113.6,20981
GOLDSHARE,20200813,4800,4864.95,4776,4788.85,3869
GOLDTECH,20200813,8.05,8.3,8,8.1,70739
GOODLUCK,20200813,41.4,41.85,40.05,40.55,61185
GPIL,20200813,273.15,273.15,273.15,273.15,32204
GPPL,20200813,79.9,80.5,78.35,80,739136
GPTINFRA,20200813,29.95,29.95,28.15,28.55,115475
GRANULES,20200813,319.9,326,316,318.15,2658219
GRAPHITE,20200813,183,188.35,182.1,183.6,625141
GRASIM,20200813,631.8,638,621.5,631.85,3037090
GRAVITA,20200813,52.7,57.1,52.5,53.45,778615
GREAVESCOT,20200813,88.75,91.35,87,87.45,1371963
GREENLAM,20200813,728,739.7,708.35,714.75,5329
GREENPANEL,20200813,47.3,47.3,44.7,45.75,76016
GREENPLY,20200813,85,92.1,84.1,88.05,841397
GREENPOWER,20200813,2.05,2.1,2,2.1,4089491
GRINDWELL,20200813,515,530,511,520.45,48508
GROBTEA,20200813,420.25,435,420.25,432.45,289
GRPLTD,20200813,720,760,696.15,724.85,3246
GRSE,20200813,229.1,236.4,221.5,234,564737
GSCLCEMENT,20200813,28.3,28.3,27.75,28,139375
GSFC,20200813,62.9,62.95,61.1,61.45,991138
GSPL,20200813,214.6,217,212.75,213.15,694945
GSS,20200813,24.7,24.9,22.4,23.25,113023
GTLINFRA,20200813,0.7,0.75,0.65,0.7,15006580
GTNIND,20200813,8.8,8.8,8.05,8.8,4509
GTNTEX,20200813,5.2,5.2,5.2,5.2,250
GTPL,20200813,98.6,103.4,98.5,101.6,133139
GUFICBIO,20200813,93.4,95,93.25,93.65,82422
GUJALKALI,20200813,326,329,323.05,323.85,78677
GUJAPOLLO,20200813,200,200,188.35,192.6,3408
GUJGASLTD,20200813,325,331,323,325.65,1738587
GUJRAFFIA,20200813,11.55,11.55,10.45,10.45,1172
GULFOILLUB,20200813,648.25,663.9,626.2,631.45,55005
GULFPETRO,20200813,40.45,41.5,39.1,40.55,50961
GULPOLY,20200813,51.5,52.65,49.25,50.8,75535
GVKPIL,20200813,2.95,2.95,2.85,2.85,5019869
HAL,20200813,1120,1318.85,1110.05,1288.95,4213377
HARITASEAT,20200813,376.95,380.95,369,370.5,6167
HARRMALAYA,20200813,96,98.2,95,95.75,114893
HATHWAY,20200813,38.25,38.25,37,37.35,544904
HATSUN,20200813,735,749.9,727,740.2,21703
HAVELLS,20200813,605.8,615.15,603.45,612.5,1567671
HAVISHA,20200813,0.7,0.7,0.65,0.7,43227
HBLPOWER,20200813,16.4,17,16.1,16.75,1676944
HBSL,20200813,5.45,5.45,5.45,5.45,230
HCC,20200813,6.1,6.25,6.05,6.2,3747622
HCG,20200813,129.9,130.65,128.5,129.05,250631
HCL-INSYS,20200813,9.95,9.95,9.35,9.4,378618
HCLTECH,20200813,717,729,713.05,724.6,8850424
HDFC,20200813,1818.5,1823.65,1799.55,1804.85,3769538
HDFCAMC,20200813,2340,2353.95,2318.05,2327.45,338176
HDFCBANK,20200813,1067.95,1071.35,1056.5,1059.05,9946370
HDFCLIFE,20200813,610,614,598,599.75,2164504
HDFCMFGETF,20200813,4748.95,4748.95,4691.6,4707.35,21216
HDFCNIFETF,20200813,1193.2,1194.6,1181.03,1183.41,350
HDFCSENETF,20200813,4050,4087.95,4030.08,4049.98,58
HEG,20200813,799.65,805,789,791.05,320917
HEIDELBERG,20200813,179.95,182.6,179.3,179.55,274763
HERCULES,20200813,101,101,96,96.85,226475
HERITGFOOD,20200813,325,325,315,319.8,53285
HEROMOTOCO,20200813,2790,2820,2746.3,2809.65,1299064
HESTERBIO,20200813,1541.9,1575,1485,1507.45,24712
HEXATRADEX,20200813,26.6,26.6,25.5,26.6,154306
HEXAWARE,20200813,400.9,402.5,394.1,395.8,435562
HFCL,20200813,17.05,17.05,15.8,16,3830902
HGINFRA,20200813,189.05,189.7,185,187,68797
HGS,20200813,674.5,689.8,668,681.05,20653
HIKAL,20200813,136.7,138.05,133,133.5,342028
HIL,20200813,1594.45,1620,1560.4,1599.95,15297
HILTON,20200813,10.15,10.5,9.6,10.5,33233
HIMATSEIDE,20200813,82,84,80.1,80.95,372080
HINDALCO,20200813,178,184.6,178,183.55,26526487
HINDCOMPOS,20200813,172.5,190,172.5,185.55,14390
HINDCOPPER,20200813,37.9,39.45,37.65,38.75,1483539
HINDMOTORS,20200813,6.2,6.4,6,6.25,103297
HINDNATGLS,20200813,28,28.5,28,28.45,1896
HINDOILEXP,20200813,82.2,84.8,82.2,82.85,215842
HINDPETRO,20200813,212.25,214.65,209.9,212.35,7984112
HINDUNILVR,20200813,2200,2217,2190.95,2198.65,1453429
HINDZINC,20200813,233.8,241.45,228.55,239.4,4850402
HIRECT,20200813,135,138.7,130.35,136.6,172736
HISARMETAL,20200813,69.4,73,68.5,70.25,10822
HITECH,20200813,114.75,119.5,111.95,114.7,18212
HITECHCORP,20200813,77,87.8,77,84.25,14551
HITECHGEAR,20200813,131.45,133.95,121,126.5,3480
HLVLTD,20200813,4.9,5.35,4.9,5.3,547902
HMVL,20200813,49.95,50.3,48.3,48.4,13936
HNDFDS,20200813,720,743.45,708.55,734,23976
HNGSNGBEES,20200813,350.3,350.3,345.62,348.1,82
HONAUT,20200813,31450,31960,31440,31760.05,2737
HONDAPOWER,20200813,1070,1070,1020,1035.35,7384
HOTELRUGBY,20200813,1.35,1.35,1.3,1.35,4727
HOVS,20200813,38.8,38.8,36.75,37.2,10885
HPL,20200813,34.9,36.35,33.7,35.3,107056
HSCL,20200813,45.7,47.2,45.5,46.35,825339
HSIL,20200813,58.5,63,58.5,61.5,908846
HTMEDIA,20200813,12.5,12.7,12.3,12.5,47356
HUBTOWN,20200813,11.6,11.85,11.3,11.7,30233
HUDCO,20200813,36.2,36.7,35.85,36.1,1185451
IBMFNIFTY,20200813,115.25,118.49,115.1,115.34,468
IBREALEST,20200813,64.5,68.4,62,68.1,7796528
IBULHSGFIN,20200813,223,227.55,211.55,212.7,20829711
IBULISL,20200813,48.8,48.8,47.05,48.55,145571
IBVENTURES,20200813,165,167.8,158.75,163.15,1415937
ICICI500,20200813,152.57,152.95,151.21,152.25,517
ICICIB22,20200813,26.9,26.9,26.25,26.6,178428
ICICIBANK,20200813,368.95,372.35,366.25,368.05,26257725
ICICIBANKN,20200813,222,222.98,219.81,220.07,3569
ICICIBANKP,20200813,121.5,122,119.41,119.73,20892
ICICIGI,20200813,1388,1400,1359.35,1364.15,508040
ICICIGOLD,20200813,45.75,47.45,45.75,46.79,360573
ICICILIQ,20200813,999.94,1000.01,999.94,999.99,12097
ICICILOVOL,20200813,95.97,95.97,94.15,94.49,6827
ICICIM150,20200813,62.35,63.2,62.35,63.18,746
ICICIMCAP,20200813,63.4,63.4,61.02,63.02,54350
ICICINF100,20200813,123.99,124.25,122.42,123.55,2122
ICICINIFTY,20200813,119.55,120,119.15,119.67,45313
ICICINV20,20200813,58,59.3,56.76,57.64,9406
ICICINXT50,20200813,27.05,28.4,27.05,27.68,9973
ICICIPRULI,20200813,480,481,468.8,470.7,1788405
ICICISENSX,20200813,390,415,390,412.75,288
ICIL,20200813,67.5,67.5,63.3,63.8,269426
ICRA,20200813,2595,2635,2564.05,2615.9,1178
IDBI,20200813,40,40.35,39.5,39.65,1469429
IDBIGOLD,20200813,4901.75,4901.75,4716,4831.1,636
IDEA,20200813,8.95,9.15,8.8,9.05,182552196
IDFC,20200813,26.3,28.65,26.15,27.75,48277028
IDFCFIRSTB,20200813,31.3,31.7,30.8,31.35,50576773
IDFNIFTYET,20200813,115.7,117,115.56,115.6,265
IEX,20200813,193.7,195.15,189.55,190,486399
IFBAGRO,20200813,300,304,291.4,297.15,14121
IFBIND,20200813,388,425,385.2,421.05,435239
IFCI,20200813,8.05,8.2,7.4,7.45,13477066
IFGLEXPOR,20200813,129.65,142,129.65,139.25,7569
IGARASHI,20200813,290.7,294,284.8,285.6,138172
IGL,20200813,403,404.3,390.1,393.45,5974776
IGPL,20200813,196.05,198.25,188,189.05,27028
IIFL,20200813,71.5,73.2,71,71.6,558974
IIFLSEC,20200813,40.75,40.75,39.75,40.15,342231
IIFLWAM,20200813,1067.5,1098,1061,1085.15,5915
IITL,20200813,62,62,54.2,55.25,5654
IMAGICAA,20200813,5.1,5.1,4.7,4.9,71388
IMFA,20200813,216.65,224.5,213,215.7,27580
IMPAL,20200813,559.15,560,528.05,546.8,2461
IMPEXFERRO,20200813,0.75,0.8,0.75,0.8,58984
INDBANK,20200813,8.95,9,8.05,8.3,215030
INDHOTEL,20200813,88,98.9,87.75,97.65,24582532
INDIACEM,20200813,117.6,118.8,116.25,116.6,930405
INDIAGLYCO,20200813,292.4,295.2,286.4,291.55,375018
INDIAMART,20200813,2928.8,3050,2910,2962.35,60020
INDIANB,20200813,64.35,65.45,61.8,63.45,2188624
INDIANCARD,20200813,94.8,94.8,92.8,94,604
INDIANHUME,20200813,174.9,174.9,170,171.65,28114
INDIGO,20200813,1035,1179,1035,1161,16902268
INDLMETER,20200813,12.75,12.75,12.55,12.65,109
INDNIPPON,20200813,343.65,347.45,330,338.35,155200
INDOCO,20200813,254.05,256.15,245,246.75,199669
INDORAMA,20200813,16,16,15.55,15.85,33604
INDOSTAR,20200813,259.8,264,250.25,254.2,14931
INDOTECH,20200813,101.95,102.5,99.5,101.3,8118
INDOTHAI,20200813,17.05,17.85,17.05,17.65,2747
INDOWIND,20200813,3.35,3.5,3.2,3.35,45846
INDRAMEDCO,20200813,55.75,56.9,55.05,55.35,185262
INDSWFTLAB,20200813,40.5,40.5,38.2,38.4,21184
INDSWFTLTD,20200813,2.95,2.95,2.75,2.9,14881
INDTERRAIN,20200813,35,35,32.55,32.9,807273
INDUSINDBK,20200813,524,527.55,516.35,518.75,8109165
INEOSSTYRO,20200813,529.9,529.9,485.2,499.05,131717
INFIBEAM,20200813,73.95,74.8,72.4,74.3,560507
INFOBEAN,20200813,119.6,119.6,116.4,116.6,5455
INFRABEES,20200813,331.8,332,327.85,331.29,175
INFRATEL,20200813,195.05,202,193.6,201.4,6355939
INFY,20200813,954.8,968.5,948.25,951.2,5097705
INGERRAND,20200813,631.55,642.85,631.55,636.7,12441
INOXLEISUR,20200813,258,263.7,253.4,259.45,1858766
INOXWIND,20200813,44.8,44.85,41.4,42.1,120243
INSECTICID,20200813,478.9,494,476.05,482.15,108551
INSPIRISYS,20200813,26.4,27.75,26.4,27.05,11642
INTEGRA,20200813,2.3,2.3,2.2,2.3,5507
INTELLECT,20200813,189.2,193.9,186.45,188.7,237445
INTENTECH,20200813,48.8,48.8,44.35,44.45,46024
INVENTURE,20200813,17.8,17.8,17.4,17.7,56508
IOB,20200813,10.7,10.7,10.4,10.5,2095217
IOC,20200813,86.4,87.05,85.95,86.85,11778434
IOLCP,20200813,770,808.5,766.6,781.35,1590328
IPCALAB,20200813,2020,2039,1985,1988.9,256329
IRB,20200813,120.85,122.95,120.4,121.6,2089472
IRCON,20200813,97,97.7,95.6,95.95,966724
IRCTC,20200813,1398,1411.9,1375.1,1384.1,688942
ISEC,20200813,485.8,495.6,485.8,492.6,374040
ISFT,20200813,61.1,65.75,61.1,62.75,3361
ISMTLTD,20200813,4.75,4.9,4.7,4.85,34780
ITC,20200813,203.5,204.2,197.1,201.45,22698994
ITDC,20200813,229.9,241,228.6,233.45,67662
ITDCEM,20200813,45.25,46.15,44.3,44.85,738395
ITI,20200813,142.5,144.9,139.85,140.9,1902169
IVC,20200813,4.05,4.15,3.95,4,88916
IVP,20200813,51.15,51.15,47,48,3907
IVZINGOLD,20200813,4850,4850,4765,4850,61
IZMO,20200813,30.6,30.6,29.1,29.1,18606
J&KBANK,20200813,17.85,17.85,17.1,17.2,1381818
JAGRAN,20200813,39.1,39.5,38.75,39,201804
JAGSNPHARM,20200813,35.9,37.5,35.6,36.25,379361
JAIBALAJI,20200813,20.9,21.5,20.9,21.1,1103
JAICORPLTD,20200813,92.45,92.5,90.7,91.05,1391362
JAINSTUDIO,20200813,3.45,3.6,3.3,3.3,17272
JAMNAAUTO,20200813,36.8,38.9,35.5,38.2,9681918
JASH,20200813,156.95,169.3,150,168.55,118918
JAYAGROGN,20200813,92.05,92.95,89.55,91.6,9445
JAYBARMARU,20200813,206.6,217.8,205,212.65,71131
JAYNECOIND,20200813,3.35,3.35,3.05,3.15,28574
JAYSREETEA,20200813,61.1,62.5,60.1,60.6,76998
JBCHEPHARM,20200813,782.8,782.8,770,776.85,251353
JBFIND,20200813,9.25,9.75,9.25,9.65,40134
JBMA,20200813,224.3,231.5,221.95,223.7,48535
JCHAC,20200813,2040.5,2049,2015.3,2022.75,4874
JHS,20200813,15.3,15.3,14.5,15,102984
JINDALPHOT,20200813,13.75,13.95,13.35,13.6,7366
JINDALPOLY,20200813,441.65,448.45,436,438.15,38572
JINDALSAW,20200813,61.15,61.65,59.8,59.9,706694
JINDALSTEL,20200813,210.2,214.5,209.3,213.1,11508593
JINDRILL,20200813,66,67.95,64.5,67.45,3302
JINDWORLD,20200813,46.2,46.9,45.5,46.25,5826
JISLDVREQS,20200813,12.1,12.2,11.65,11.8,152641
JISLJALEQS,20200813,12.25,12.45,11.7,12.2,3342919
JITFINFRA,20200813,6.9,7.2,6.7,7,8160
JIYAECO,20200813,11,11.45,10.8,11,66352
JKCEMENT,20200813,1512.85,1540.7,1504.9,1509.2,44362
JKIL,20200813,97,99.95,95.7,98.65,203685
JKLAKSHMI,20200813,287.2,287.2,278.5,279.45,195356
JKPAPER,20200813,95,95.8,94.25,94.55,836103
JKTYRE,20200813,64.15,65.4,61.7,63.7,3727525
JMA,20200813,24.9,27.4,23.85,25.2,25055
JMCPROJECT,20200813,53.8,53.8,51.5,52.25,234065
JMFINANCIL,20200813,79.6,80.9,77.9,78.65,1542284
JMTAUTOLTD,20200813,3.5,3.5,3.5,3.5,124347
JOCIL,20200813,186,197,185.95,189.55,60574
JPASSOCIAT,20200813,4.45,4.45,4.45,4.45,3350214
JPINFRATEC,20200813,1.4,1.4,1.35,1.4,5013524
JPOLYINVST,20200813,14.35,15.05,14.35,14.5,1288
JPPOWER,20200813,3.1,3.15,3.1,3.15,1670627
JSL,20200813,43.75,45.2,43.05,44,782498
JSLHISAR,20200813,86.6,87.7,85,85.7,346439
JSWENERGY,20200813,51.1,54.7,51,53.9,6045656
JSWHL,20200813,1995,2033.85,1975,2008.65,1986
JSWSTEEL,20200813,258.1,264,255.85,258.6,14516418
JTEKTINDIA,20200813,74,75,72.5,74.6,953665
JUBILANT,20200813,816.2,832,801,808.15,387432
JUBLFOOD,20200813,1873.6,1909.9,1866.05,1893.2,838862
JUBLINDS,20200813,155.1,187.9,155.1,178.6,899835
JUMPNET,20200813,85.65,87.8,83.1,86.85,1298468
JUNIORBEES,20200813,278.65,288.17,278.65,287.97,40133
JUSTDIAL,20200813,389.95,394,381.95,384.35,593314
JYOTHYLAB,20200813,140.6,140.6,138.5,139.25,403686
KABRAEXTRU,20200813,58.9,70.1,58.5,65.95,450728
KAJARIACER,20200813,411.55,413,402,404.4,151299
KAKATCEM,20200813,151.25,156.6,151.25,154.05,13084
KALPATPOWR,20200813,253,255,240.25,247.35,760277
KALYANIFRG,20200813,142.5,148.8,142.5,148.8,2197
KAMATHOTEL,20200813,31.5,33.85,31.15,32.65,605632
KAMDHENU,20200813,75.5,77,74,75.7,20075
KANANIIND,20200813,4,4,3.85,3.85,961
KANORICHEM,20200813,37.1,38.3,35.05,36.8,41427
KANSAINER,20200813,487,492,473.05,476.65,197392
KAPSTON,20200813,82.65,84.35,73.15,76.55,1165
KARDA,20200813,76.8,80.7,76.4,80.7,28618
KARMAENG,20200813,11.3,11.85,11.3,11.3,288
KARURVYSYA,20200813,35,35.95,35,35.25,2272955
KAUSHALYA,20200813,1.6,1.6,1.6,1.6,14747
KAYA,20200813,226.1,236.8,218.25,236.8,23183
KCP,20200813,63.2,63.8,61.5,62.25,119074
KCPSUGIND,20200813,15.7,16.35,15.45,15.5,254644
KDDL,20200813,135.45,142.2,134,142.2,6804
KEC,20200813,297.4,307.25,294.95,305.1,826218
KECL,20200813,12.45,13.2,12.05,13.2,754088
KEI,20200813,366.9,367,362.8,364.55,146824
KELLTONTEC,20200813,19.8,20.45,19.05,19.45,107072
KENNAMET,20200813,764,910,754.05,832.8,157472
KERNEX,20200813,18.8,19.1,18.7,19,17279
KESORAMIND,20200813,42.8,42.85,40.8,41.5,416603
KEYFINSERV,20200813,42.4,42.4,36.05,38.8,1190
KHADIM,20200813,118,123.75,112.1,123.6,99010
KHANDSE,20200813,9.6,9.6,9.3,9.3,775
KICL,20200813,1299,1435,1280.1,1413.55,4133
KILITCH,20200813,99.95,99.95,93.15,94.05,4639
KINGFA,20200813,522,548,491.3,505.8,13928
KIOCL,20200813,127.8,138.6,124.4,132.7,202204
KIRIINDUS,20200813,507,515.45,503.1,504.85,94158
KIRLFER,20200813,89.75,89.8,86.3,86.75,43369
KIRLOSBROS,20200813,134,136.75,129,130.9,325076
KIRLOSENG,20200813,110.9,110.9,107.1,107.95,65002
KIRLOSIND,20200813,687,694,646,651.3,7769
KITEX,20200813,107.75,110,107.2,108.05,137998
KKCL,20200813,750.1,774.95,750.05,764.35,1740
KMSUGAR,20200813,9.9,10,9.05,9.65,485357
KNRCON,20200813,210.4,218,209.5,215.3,159620
KOKUYOCMLN,20200813,57,58.8,57,57.25,126761
KOLTEPATIL,20200813,155.8,157.35,151.5,152.2,122059
KOPRAN,20200813,70.4,72.4,67,67.8,1489539
KOTAKBANK,20200813,1341.9,1358.5,1333.95,1336.25,3331333
KOTAKBKETF,20200813,225.25,226.47,223.57,223.93,122496
KOTAKGOLD,20200813,464,464,457.6,460.65,66837
KOTAKNIFTY,20200813,117.86,118.02,117.26,117.4,22967
KOTAKNV20,20200813,59.49,59.49,58.66,58.94,6982
KOTAKPSUBK,20200813,147.05,151.7,143.8,144.22,6261
KOTARISUG,20200813,13.65,13.65,12.95,13.05,209907
KOTHARIPET,20200813,15.95,16,15.25,15.7,25160
KOTHARIPRO,20200813,63.1,63.1,60.65,62.35,8295
KPITTECH,20200813,78.55,79.35,77,78.65,322347
KPRMILL,20200813,505.4,573.9,505.4,556.7,367787
KRBL,20200813,299,301.75,288,293.6,434112
KREBSBIO,20200813,90.8,91.9,84,86.25,33559
KRIDHANINF,20200813,3.45,3.5,3.35,3.5,84184
KRISHANA,20200813,50.15,50.15,50.15,50.15,20
KSB,20200813,525.3,529.6,511,514.8,22315
KSCL,20200813,664.7,677.8,593,610.65,2040704
KSERASERA,20200813,0.25,0.3,0.25,0.3,2177001
KSK,20200813,0.5,0.55,0.45,0.5,1259308
KSL,20200813,224.95,229.9,223.5,224.95,62142
KTKBANK,20200813,43.1,43.9,42.6,43.25,1967233
KUANTUM,20200813,53.85,53.85,50.75,52.45,38280
KWALITY,20200813,3.45,3.55,3.3,3.4,688265
L&TFH,20200813,65.9,66.35,65,65.85,13941850
LAKSHVILAS,20200813,21.3,21.3,20.95,21,1605151
LALPATHLAB,20200813,1845.2,1866,1825.55,1854.5,122718
LAMBODHARA,20200813,29.75,32.05,27.75,31.6,57292
LAOPALA,20200813,204.55,208,200,202.4,90273
LASA,20200813,58.1,62.95,57.55,58.35,62710
LAURUSLABS,20200813,1030.05,1082.85,1020,1030.45,1629300
LAXMIMACH,20200813,3208.9,3260.35,3115.15,3129.4,6232
LEMONTREE,20200813,31.75,32.3,30.7,32.3,5041126
LFIC,20200813,52.85,52.95,51.05,51.3,1837
LGBBROSLTD,20200813,230.8,238.85,214.55,231.85,483435
LGBFORGE,20200813,2.6,2.6,2.4,2.6,66123
LIBAS,20200813,44.2,45.85,42.4,44.55,36269
LIBERTSHOE,20200813,136.45,138,135.2,135.85,99902
LICHSGFIN,20200813,268.5,272.1,267.05,270.95,4686173
LICNETFGSC,20200813,21.68,21.7,21.14,21.38,11147
LICNETFN50,20200813,119.5,119.5,118.99,118.99,36
LICNETFSEN,20200813,405,405,386.2,396.19,354
LICNFNHGP,20200813,118.75,118.75,115.5,118.75,74
LINCOLN,20200813,216.15,224.4,215.25,217.05,232879
LINCPEN,20200813,170.7,172,166.95,168.3,1817
LINDEINDIA,20200813,717.3,724,703.25,706.85,33289
LIQUIDBEES,20200813,1000,1000.01,999.99,999.99,1112881
LIQUIDETF,20200813,1000.04,1000.04,999.99,1000,46922
LOKESHMACH,20200813,22.25,23.05,22.15,22.85,27876
LOTUSEYE,20200813,26.85,29.7,26.85,29,16727
LOVABLE,20200813,54.8,65.3,53.7,65.3,618554
LPDC,20200813,1.25,1.25,1.25,1.25,34
LSIL,20200813,0.9,0.95,0.85,0.9,1040432
LT,20200813,957,993.65,951.55,990.7,8816753
LTI,20200813,2517.95,2517.95,2457.05,2471.85,75354
LTTS,20200813,1575,1606.95,1575,1594.7,112222
LUMAXIND,20200813,1420,1469.4,1419.95,1422.65,7845
LUMAXTECH,20200813,99.8,99.8,96.5,98.1,73540
LUPIN,20200813,940.2,946,926.9,930.5,2432963
LUXIND,20200813,1302,1445,1300,1430.9,183052
LYKALABS,20200813,22.4,22.4,21.25,21.45,16795
LYPSAGEMS,20200813,3.8,3.8,3.6,3.65,50342
M&M,20200813,635.15,645.3,628.4,631.45,5773589
M&MFIN,20200813,134,135.25,130.65,134.2,9548406
M100,20200813,17.12,17.3,17.12,17.26,845281
M50,20200813,111,111.7,110.38,111,766
MAANALU,20200813,60.8,62.75,59.2,61.15,21930
MADHAV,20200813,24,24,22.3,23.1,11971
MADHUCON,20200813,2,2,2,2,46145
MADRASFERT,20200813,20.95,20.95,20.5,20.75,841914
MAGADSUGAR,20200813,129.9,130.15,126.1,126.7,16868
MAGMA,20200813,32.9,33.45,32.05,32.25,732550
MAGNUM,20200813,5.75,5.75,5.3,5.75,31465
MAHABANK,20200813,12.2,12.25,12,12.15,2777983
MAHAPEXLTD,20200813,59.9,62.8,59.7,61,960
MAHASTEEL,20200813,101.6,107,97.1,104.4,49856
MAHEPC,20200813,163,165.9,159.7,160.75,87250
MAHESHWARI,20200813,156.1,159.7,155.05,156.1,11408
MAHINDCIE,20200813,115,119.9,113.5,118.7,187402
MAHLIFE,20200813,210,223.95,208.25,218.1,68704
MAHLOG,20200813,296,300,293.2,298.1,354202
MAHSCOOTER,20200813,3047.95,3047.95,2973.8,2997.2,9773
MAHSEAMLES,20200813,212.9,218,212.3,217.05,76468
MAITHANALL,20200813,509.8,520.8,502,504.8,37035
MAJESCO,20200813,786.35,786.35,756.4,782.95,996452
MALUPAPER,20200813,28.4,28.7,28.15,28.2,11711
MAN50ETF,20200813,115,115.6,114.7,114.7,201309
MANAKALUCO,20200813,8.25,8.55,8.1,8.5,22937
MANAKCOAT,20200813,3.85,4.1,3.85,4.1,19757
MANAKSIA,20200813,34.45,37.2,34.05,36.15,115489
MANAKSTEEL,20200813,9.5,9.8,9.25,9.7,31693
MANALIPETC,20200813,21.9,22,21.2,21.45,382502
MANAPPURAM,20200813,155,158,153.8,155.1,10588030
MANGALAM,20200813,100.05,100.05,100.05,100.05,29323
MANGCHEFER,20200813,34.55,34.75,34.25,34.3,127841
MANGLMCEM,20200813,206.55,208.7,202.25,203.1,68678
MANGTIMBER,20200813,9.05,9.05,8.6,8.6,8232
MANINDS,20200813,58.3,58.9,55.25,56,432409
MANINFRA,20200813,20.75,21,20.55,20.9,205140
MANUGRAPH,20200813,10.75,10.75,10.1,10.2,6798
MANXT50,20200813,275.6,277,275.4,276,283
MARALOVER,20200813,12.3,12.9,11.6,12.85,25498
MARATHON,20200813,53.95,58.05,51.1,58.05,35936
MARICO,20200813,367.2,368.75,362.3,366.1,2575663
MARKSANS,20200813,49.3,49.3,47,47.15,1286135
MARUTI,20200813,6729.95,6772,6655,6731.65,1087096
MASFIN,20200813,680,689.5,658,662,37432
MASKINVEST,20200813,54.95,54.95,54.95,54.95,25
MASTEK,20200813,697.9,712.75,693.75,700.6,256094
MATRIMONY,20200813,592.15,603.9,567.5,573.4,8729
MAWANASUG,20200813,28,29.95,28,28.6,25881
MAXVIL,20200813,38.8,38.9,37.5,38.25,90933
MAYURUNIQ,20200813,248.2,248.2,217.65,230,191394
MAZDA,20200813,341.95,352,340.1,344.9,7598
MBAPL,20200813,61,64.05,58,64.05,331
MBECL,20200813,5.05,5.2,4.85,5.15,19009
MBLINFRA,20200813,6.5,6.5,6.2,6.5,67963
MCDHOLDING,20200813,24.95,25.4,24.05,25.1,25398
MCDOWELL-N,20200813,583.9,601,583.35,592,2677214
MCLEODRUSS,20200813,15.95,15.95,15.95,15.95,57361
MCX,20200813,1719.9,1729.75,1675.25,1685.15,219806
MEGASOFT,20200813,7.5,7.9,7.25,7.9,133861
MEGH,20200813,65.4,68.25,65,67.55,2660427
MENONBE,20200813,39.85,42.35,39.7,41.7,89540
MEP,20200813,16.25,17.05,16.25,17.05,109274
MERCATOR,20200813,1.25,1.25,1.15,1.2,1465437
METALFORGE,20200813,4.5,4.6,4.5,4.6,1209
METROPOLIS,20200813,1634.95,1700,1592.45,1689.55,115717
MFSL,20200813,532,537.1,522.2,529.65,740907
MGL,20200813,990.25,1004.8,981,983.95,1108782
MHRIL,20200813,169.95,187,169.4,182.75,338696
MIC,20200813,0.65,0.65,0.65,0.65,67392
MIDHANI,20200813,213.8,217.9,212.25,213.95,805937
MINDACORP,20200813,73.45,76,72.7,74.55,968078
MINDAIND,20200813,295,298.95,284.1,290.75,486811
MINDTECK,20200813,25.8,27.2,24,26.6,63609
MINDTREE,20200813,1131.15,1154.6,1122.15,1149.3,644916
MIRCELECTR,20200813,9.45,9.45,9.1,9.1,1004568
MIRZAINT,20200813,49.7,50.85,49.5,49.75,365980
MITTAL,20200813,25.65,25.65,25.65,25.65,5883
MMFL,20200813,256.9,283.9,248,276.9,40811
MMP,20200813,72.05,73.3,67.2,69.25,6646
MMTC,20200813,19.2,19.85,19.1,19.3,1704615
MODIRUBBER,20200813,34.1,35.8,32.4,32.55,864
MOHITIND,20200813,3.5,3.5,3.5,3.5,1001
MOHOTAIND,20200813,9.1,9.65,8.85,9.65,3191
MOIL,20200813,150.35,151,148,149,215711
MOLDTECH,20200813,39.6,39.9,38.1,39.35,75717
MOLDTKPAC,20200813,291.85,291.85,286,286.25,54249
MONTECARLO,20200813,161.7,162,158.5,158.95,49642
MORARJEE,20200813,11.2,12,11,11.2,41387
MOREPENLAB,20200813,24,24.2,23.5,23.6,767190
MOTHERSUMI,20200813,116.75,122.6,114.35,120.7,36124631
MOTILALOFS,20200813,665.9,669.9,660,663.15,37362
MOTOGENFIN,20200813,16.3,17.2,16.3,17,863
MPHASIS,20200813,1175,1212,1175,1200.55,232416
MPSLTD,20200813,435.3,435.3,435.3,435.3,4655
MRF,20200813,61900,64352.25,61400,63976.5,29508
MRO-TEK,20200813,29.5,29.5,27,29.5,6606
MRPL,20200813,34,34,32.9,33.1,2091579
MSPL,20200813,7.3,7.65,6.95,7.2,20658
MSTCLTD,20200813,151,153,148.05,149.85,269483
MTEDUCARE,20200813,14.05,14.05,13.6,13.75,428183
MTNL,20200813,9.55,9.55,9.3,9.35,502514
MUKANDENGG,20200813,8.2,8.6,8,8.2,17030
MUKANDLTD,20200813,24.8,25.4,24.2,25.4,53149
MUKTAARTS,20200813,24.5,25.7,24.5,25.1,13020
MUNJALAU,20200813,49.65,51.35,49.2,50.65,539447
MUNJALSHOW,20200813,116.75,122.5,116.75,118.75,42885
MURUDCERA,20200813,16,16.75,15.9,16.25,128606
MUTHOOTCAP,20200813,373,373,360.2,363.35,18090
MUTHOOTFIN,20200813,1146,1188.55,1145.45,1178.15,2855931
N100,20200813,819.8,824.35,805.5,820.39,22521
NACLIND,20200813,44.3,44.3,39.6,40.3,280590
NAGAFERT,20200813,5.1,5.15,4.85,4.95,317582
NAGREEKCAP,20200813,5.15,5.15,5.15,5.15,100
NAGREEKEXP,20200813,16,17.45,15.65,16.05,28159
NAHARCAP,20200813,67,70.9,67,68.45,14013
NAHARINDUS,20200813,27.1,27.1,25.45,26.25,8561
NAHARPOLY,20200813,72,76.45,71.1,76.45,307184
NAHARSPING,20200813,38,38,34,36.4,44600
NAM-INDIA,20200813,267.7,275.8,267,270,894217
NATCOPHARM,20200813,832,842.6,808,813.4,600915
NATHBIOGEN,20200813,349.8,355.75,335,338.35,66271
NATIONALUM,20200813,35,35.7,34.9,35.25,9247090
NATNLSTEEL,20200813,2.2,2.2,2.2,2.2,1194
NAUKRI,20200813,3274.9,3329.55,3242.05,3272.25,503127
NAVINFLUOR,20200813,2029.5,2030,1962,1969.8,111130
NAVKARCORP,20200813,25.6,25.95,24.9,25.3,425405
NAVNETEDUL,20200813,80.9,84,78.7,80.5,603752
NBCC,20200813,24.75,26.4,24.65,26.05,27161989
NBIFIN,20200813,1600,1645,1556.1,1635,116108
NBVENTURES,20200813,52.2,53.5,51.1,51.45,753744
NCC,20200813,31.2,32.25,30.8,31.6,19327313
NCLIND,20200813,90,90.5,88.6,88.95,212609
NDGL,20200813,622.65,623.05,600.1,609.15,407
NDL,20200813,21.45,25.05,21.4,25.05,1126378
NDRAUTO,20200813,161,167.1,150.25,167.1,38698
NDTV,20200813,37,37,35.6,36.15,5916
NECCLTD,20200813,10.45,10.5,10,10.2,67300
NECLIFE,20200813,22.45,22.9,21.7,22,554085
NELCAST,20200813,50.6,52.9,50.2,52.1,554896
NELCO,20200813,210.8,222.2,210.15,217.6,371082
NEOGEN,20200813,623,646.1,613.55,642.25,67886
NESCO,20200813,511.8,511.8,492.4,493.85,133546
NESTLEIND,20200813,16462,16661.95,16458.4,16474.2,66303
NETF,20200813,116.98,116.98,113.5,115.98,79
NETFCONSUM,20200813,53.2,54.5,53.2,54.15,348
NETFDIVOPP,20200813,28.45,28.75,28.1,28.71,1437
NETFIT,20200813,18.4,18.48,18.14,18.15,14520
NETFLTGILT,20200813,22,22,21.92,21.96,7574
NETFMID150,20200813,62.61,62.75,62.2,62.69,28974
NETFNIF100,20200813,117.95,117.95,115.11,115.27,107
NETFNV20,20200813,59.5,60,57.52,59.33,5339
NETWORK18,20200813,41.15,41.9,40.25,41.1,989709
NEULANDLAB,20200813,796.8,817.15,785,787.6,70213
NEWGEN,20200813,179.4,185,179.4,182.2,66841
NEXTMEDIA,20200813,5.2,5.45,5.1,5.45,11049
NFL,20200813,37.65,37.75,36.55,36.9,752120
NH,20200813,333.25,347.35,331,341.55,323774
NHPC,20200813,20.35,20.75,20.25,20.55,2284581
NIACL,20200813,117.25,118.8,116.6,117.3,458118
NIBL,20200813,5.75,5.75,5.75,5.75,6730
NIFTYBEES,20200813,121.27,121.44,119.91,120.49,1022353
NIITLTD,20200813,96.85,100.75,96.6,97.85,2946583
NIITTECH,20200813,2003,2044.5,1981.5,1988.35,478535
NILAINFRA,20200813,5.15,5.2,4.9,4.9,1373452
NILASPACES,20200813,1.35,1.35,1.35,1.35,22182
NILKAMAL,20200813,1223.15,1242.5,1223.15,1236.6,4975
NIPPOBATRY,20200813,565.05,589,559.05,574.35,680
NITCO,20200813,19.75,20.1,18.55,20.1,357625
NITINSPIN,20200813,41,43,39.65,41.15,112980
NKIND,20200813,22.8,22.8,22.8,22.8,2
NLCINDIA,20200813,51.2,52.15,50.7,51.3,670553
NMDC,20200813,94.7,95.5,92.75,93.15,8306112
NOCIL,20200813,116.95,119,115.7,117.25,2254909
NOIDATOLL,20200813,3.85,3.85,3.6,3.6,114670
NORBTEAEXP,20200813,8.85,8.85,8.85,8.85,1071
NPBET,20200813,124,125,119.05,119.05,774
NRAIL,20200813,216.3,221.9,213.5,214.7,10483
NRBBEARING,20200813,77.65,79.55,77.1,77.75,237517
NSIL,20200813,655.05,698,655.05,680,347
NTL,20200813,0.85,0.85,0.8,0.85,14718
NTPC,20200813,87.4,87.5,86.5,87.25,13724634
NUCLEUS,20200813,471.7,471.7,450.6,455.1,267959
NXTDIGITAL,20200813,575,595,565.25,591.7,15970
OAL,20200813,308.3,319.9,302.25,305.55,32349
OBEROIRLTY,20200813,368,387.75,365.35,371.45,741402
OCCL,20200813,780.2,807.35,780,800.3,9825
OFSS,20200813,3064,3068,3011,3040.8,64029
OIL,20200813,95.25,96.2,94.6,95,647454
OILCOUNTUB,20200813,4.3,4.45,4.2,4.3,22789
OISL,20200813,3.2,3.35,3.05,3.2,22212
OLECTRA,20200813,63,68.9,62.65,68.9,247740
OMAXAUTO,20200813,37.9,43.95,36.8,43.9,220974
OMAXE,20200813,74.8,74.8,73.9,74.4,166996
OMKARCHEM,20200813,5.5,5.75,5.25,5.75,14475
OMMETALS,20200813,15.1,15.1,14.5,14.75,66688
ONELIFECAP,20200813,7.55,7.55,6.85,6.85,44408
ONEPOINT,20200813,14.95,15.2,12.9,14,836706
ONGC,20200813,78.55,79.45,78.4,78.6,7316685
ONMOBILE,20200813,39.8,39.8,37.15,37.55,258484
ONWARDTEC,20200813,64.25,66,63.2,64.85,10278
OPTIEMUS,20200813,30.9,30.9,30.9,30.9,2741
OPTOCIRCUI,20200813,7.5,7.5,7.15,7.25,869073
ORBTEXP,20200813,69.35,74,65.5,67.25,13030
ORICONENT,20200813,18.65,18.8,17.5,17.6,120798
ORIENTABRA,20200813,17.6,18.1,17.45,17.9,30613
ORIENTALTL,20200813,12.7,12.7,12.15,12.6,167061
ORIENTBELL,20200813,84.3,85.5,81.7,84.5,53582
ORIENTCEM,20200813,69.8,69.8,68.3,68.55,139077
ORIENTELEC,20200813,179,181,176.25,177.25,124103
ORIENTHOT,20200813,20.7,21.75,19.8,21.75,57290
ORIENTLTD,20200813,69.05,69.05,65.6,65.6,134
ORIENTPPR,20200813,19.75,19.85,19.1,19.4,439536
ORIENTREF,20200813,180,180,174.7,177.2,41213
ORISSAMINE,20200813,3090,3140,2825.15,2990.65,250614
ORTINLABSS,20200813,19.7,19.7,18.95,19.7,92908
OSWALAGRO,20200813,9.15,9.15,8.75,8.8,83955
PAGEIND,20200813,19119.7,19349,18871,19008.9,46369
PAISALO,20200813,426.95,426.95,403,409.9,3589
PALASHSECU,20200813,27.9,27.9,25.95,26.75,328
PALREDTEC,20200813,20,20,19.65,19.65,3029
PANACEABIO,20200813,198.55,201.85,197.05,197.8,150033
PANACHE,20200813,55.55,58.4,55.5,57.8,8124
PANAMAPET,20200813,41.5,43.05,41.5,42.6,90928
PAPERPROD,20200813,255,258.25,251,255,81557
PARACABLES,20200813,7.4,7.5,7.05,7.1,339619
PARAGMILK,20200813,102.95,105,100.3,104.35,2523808
PARSVNATH,20200813,3.35,3.35,3.05,3.3,123394
PATELENG,20200813,14.7,14.85,14.3,14.45,299513
PATINTLOG,20200813,23.2,23.2,21.15,22.35,36094
PATSPINLTD,20200813,5.05,5.05,4.75,4.9,4889
PCJEWELLER,20200813,16.85,16.9,16.45,16.65,1805676
PDMJEPAPER,20200813,14.75,15.75,14.4,15.4,289486
PDSMFL,20200813,275,275,270,272,679
PEARLPOLY,20200813,21,21.15,19.5,20.75,2770
PEL,20200813,1462,1483.3,1455.65,1467.35,677287
PENIND,20200813,16.3,17.85,16,17.5,1011455
PENINLAND,20200813,4.5,4.65,4.5,4.6,155863
PERSISTENT,20200813,961,1005.45,961,998.3,154387
PETRONET,20200813,259.95,266,259,265.2,5574553
PFC,20200813,92.05,96.65,89.15,95.35,24355631
PFIZER,20200813,4552,4624.65,4519.7,4535.8,24804
PFOCUS,20200813,42.1,43,41.5,43,309813
PFS,20200813,18.25,18.4,17.3,17.45,1058811
PGEL,20200813,43,45.3,43,44.85,19898
PGHH,20200813,10210,10230,10125.5,10152.65,1588
PGHL,20200813,4652,4860,4652,4686.4,24886
PGIL,20200813,149,152.95,146,146.75,18206
PHILIPCARB,20200813,117.75,124.1,114.55,120.2,6325314
PHOENIXLTD,20200813,600.15,604.55,586.25,598.7,315799
PIDILITIND,20200813,1368,1387.5,1366.7,1380.1,821228
PIIND,20200813,1880.05,1917.95,1880.05,1902,251795
PILANIINVS,20200813,1518.95,1520.05,1440.2,1469.65,1985
PILITA,20200813,5.7,5.9,5.55,5.75,36841
PIONDIST,20200813,115.1,118.5,113.55,116.6,62488
PIONEEREMB,20200813,23.95,24.2,22.7,23,30154
PITTIENG,20200813,29.45,29.75,28,28.6,66733
PKTEA,20200813,126.1,135.7,126.1,133.65,1226
PLASTIBLEN,20200813,185,188.5,177,186.6,19881
PNB,20200813,34,34.3,32.9,33.25,24298716
PNBGILTS,20200813,46,46.45,45.3,45.45,419573
PNBHOUSING,20200813,236.75,236.75,228.2,230.45,431668
PNC,20200813,14.35,15,13.9,14.9,5462
PNCINFRA,20200813,141.8,144.4,139.85,143.1,110572
PODDARHOUS,20200813,170,170,165.6,168,1645
PODDARMENT,20200813,190.1,196.75,188,189.15,14468
POKARNA,20200813,147.4,154.75,146,154.7,81133
POLYCAB,20200813,841,854,841,849.65,116650
POLYMED,20200813,402.5,412.8,397.5,401.45,146289
POLYPLEX,20200813,760,775,756.65,760.55,120126
PONNIERODE,20200813,174,176.85,168.8,169.5,30807
POWERGRID,20200813,179.95,180.3,176.4,178.75,5985571
POWERINDIA,20200813,906.95,909.05,897.5,904.45,205198
POWERMECH,20200813,418.9,418.9,405.55,408.75,44300
PPAP,20200813,235,240,225.05,228.6,132775
PPL,20200813,71.3,74.6,71.3,72.3,31029
PRABHAT,20200813,70.45,72.95,70.4,71.45,53349
PRADIP,20200813,0.6,0.6,0.6,0.6,1250
PRAENG,20200813,6.15,6.4,5.95,6.35,5737
PRAJIND,20200813,67.1,70,66.6,68.85,3935763
PRAKASH,20200813,45.5,46.25,44.5,44.75,848176
PRAKASHSTL,20200813,1.1,1.1,1.1,1.1,162140
PRAXIS,20200813,32.25,32.25,30,31.5,2779
PRECAM,20200813,32.4,35.75,32.4,35.15,783935
PRECOT,20200813,20.5,21.8,20.35,21.05,3607
PRECWIRE,20200813,114.75,117.85,109,111.05,29968
PREMEXPLN,20200813,134.1,139,127.8,137.4,22127
PREMIER,20200813,1.95,2,1.95,2,3016
PREMIERPOL,20200813,23,23,22.4,22.95,1399
PRESSMN,20200813,19.9,20.75,19.85,20.35,53914
PRESTIGE,20200813,232.85,239.4,229.15,231.4,1200015
PRICOLLTD,20200813,44.95,45.95,42.75,42.8,288442
PRIMESECU,20200813,47.25,47.45,45.9,46.6,38807
PRINCEPIPE,20200813,153.9,157,150,150.75,201678
PROZONINTU,20200813,20.05,20.05,19,20.05,1487203
PRSMJOHNSN,20200813,49.35,49.65,47.1,47.75,396890
PSB,20200813,13.45,13.45,13,13.1,567809
PSL,20200813,1.45,1.45,1.35,1.35,2152092
PSPPROJECT,20200813,409.6,409.8,400,404.65,15056
PSUBNKBEES,20200813,16.28,16.43,16.06,16.13,112770
PTC,20200813,54,54.8,53.7,54.55,2355772
PTL,20200813,44.65,44.65,43,43.75,30837
PUNJABCHEM,20200813,533,535,493,521.15,82301
PURVA,20200813,43.8,46.45,43.25,44.35,459313
PVR,20200813,1200,1269.85,1195.25,1254.35,4113522
QGOLDHALF,20200813,2282.6,2299.95,2274,2291.9,1115
QNIFTY,20200813,1163,1163,1163,1163,13
QUESS,20200813,370,373.55,364.85,367.9,80981
QUICKHEAL,20200813,135.1,137.45,130.05,131.05,843120
RADICO,20200813,385,405.45,384,401.75,754292
RADIOCITY,20200813,17,17.2,16.8,17,392918
RAIN,20200813,112.2,115.7,110.9,114.65,3975267
RAJESHEXPO,20200813,465,469.9,463,464.8,69722
RAJRATAN,20200813,300,312,279,306.4,16491
RAJSREESUG,20200813,15.7,15.8,15.1,15.45,6130
RAJTV,20200813,40.85,40.85,39.1,39.65,13839
RALLIS,20200813,303.75,305.3,300.05,300.9,383910
RAMANEWS,20200813,16,16.1,15.65,15.75,44439
RAMASTEEL,20200813,30.2,32.9,30.2,32.45,13497
RAMCOCEM,20200813,705.95,709.55,698,702.9,879642
RAMCOIND,20200813,186.6,189.9,182,183.1,58680
RAMCOSYS,20200813,181.9,181.9,178,181.9,338015
RAMKY,20200813,35.45,35.45,33.85,34.1,134357
RANASUG,20200813,8.5,8.5,7.7,7.7,1386976
RANEENGINE,20200813,193.55,204.2,187,194.65,14605
RANEHOLDIN,20200813,426.9,486,424.1,467.8,111145
RATNAMANI,20200813,1147.45,1147.7,1127,1140.8,6100
RAYMOND,20200813,280,280.75,272,273.25,959385
RBL,20200813,537.35,569.9,535.2,552.65,118160
RBLBANK,20200813,189,189.7,183.3,184.95,14267872
RCF,20200813,50.15,50.8,49.15,49.3,1761301
RCOM,20200813,2.25,2.25,2.25,2.25,10129367
RECLTD,20200813,108.5,111,107.15,110.45,9962681
REDINGTON,20200813,96,96.5,92.1,94.05,425540
REFEX,20200813,49.1,50.2,48.3,48.8,86574
RELAXO,20200813,625.65,632.3,625,629.45,131942
RELCAPITAL,20200813,11.5,11.5,10.85,11.15,1966053
RELIANCE,20200813,2128,2138.9,2110,2122.05,11459251
RELIGARE,20200813,35.95,36.3,35.2,35.45,251909
RELINFRA,20200813,32,32,30.25,30.65,1892577
REMSONSIND,20200813,70,79.75,68,72.5,4210
RENUKA,20200813,9.95,10.2,9.8,9.85,944872
REPCOHOME,20200813,133.05,134.4,132.1,132.5,336423
REPRO,20200813,394.95,395,382.05,385.65,3324
RESPONIND,20200813,93.4,111.7,93.4,100.2,524979
REVATHI,20200813,398.25,399.75,392,393.65,1157
RGL,20200813,279.95,280,270,271.45,3309
RHFL,20200813,2.35,2.4,2.25,2.3,1819515
RICOAUTO,20200813,29.6,32,29.6,31.45,2349443
RIIL,20200813,415.4,417.5,408.85,410.95,175653
RITES,20200813,250.45,252.85,249,249.4,319414
RKDL,20200813,7.05,7.35,7.05,7.15,2641
RKFORGE,20200813,186,204.4,186,202.65,380415
RMCL,20200813,3.85,3.85,3.8,3.85,22423
RML,20200813,206.35,229.45,206.25,219.65,172031
RNAVAL,20200813,3.15,3.15,3.15,3.15,547304
ROHITFERRO,20200813,1.1,1.1,1,1.1,5071
ROHLTD,20200813,64,71.4,63.5,69.3,1029008
ROLLT,20200813,2.8,2.8,2.6,2.6,27191
ROLTA,20200813,6.2,6.2,6.2,6.2,69471
ROSSARI,20200813,765.8,784.95,757.5,773.3,1039156
ROSSELLIND,20200813,90.05,96.85,90.05,95.35,14773
RPGLIFE,20200813,378.5,390,375.5,378,95362
RPOWER,20200813,3.9,3.95,3.7,3.8,18765520
RPPINFRA,20200813,51.15,62.75,51.15,62.65,326733
RSSOFTWARE,20200813,19.75,21.25,19.7,20.55,27358
RSWM,20200813,70,74,70,73.1,28199
RSYSTEMS,20200813,108.55,111.9,106.65,108.7,72917
RTNINFRA,20200813,8.85,8.85,8.85,8.85,167547
RTNPOWER,20200813,3.85,3.85,3.4,3.4,7003652
RUBYMILLS,20200813,160,170,153.8,167.15,10992
RUCHI,20200813,705,725,694,696.95,29223
RUCHINFRA,20200813,13.1,13.75,13.1,13.65,429222
RUCHIRA,20200813,51.8,51.8,49.4,49.75,47058
RUPA,20200813,198,213.65,188.3,207.55,827169
RUSHIL,20200813,107.95,112,105.25,106.7,43495
RVNL,20200813,20,20.25,19.8,19.95,4358341
S&SPOWER,20200813,13.95,14.95,13.95,14.85,1645
SABEVENTS,20200813,1.1,1.1,1.1,1.1,1644
SABTN,20200813,1.65,1.65,1.55,1.55,17460
SADBHAV,20200813,48.3,49.35,46.55,49.35,1486552
SADBHIN,20200813,16.7,17.9,16.4,17.6,1170172
SAFARI,20200813,362.5,365,358,359.45,83781
SAGARDEEP,20200813,128.9,128.9,120,122.9,44065
SAGCEM,20200813,467.8,472,463.5,464.8,7271
SAIL,20200813,39.1,39.65,38.35,38.75,15903981
SAKAR,20200813,61.25,66.75,58.65,65.85,37064
SAKHTISUG,20200813,9.1,9.35,9,9.15,33306
SAKSOFT,20200813,275,282,272.1,272.95,18464
SAKUMA,20200813,6.3,6.35,6.2,6.3,140013
SALASAR,20200813,185.35,192.9,183.2,190.5,14877
SALONA,20200813,55.4,59.75,55.4,59.4,35
SALSTEEL,20200813,2.8,2.8,2.6,2.7,36215
SALZERELEC,20200813,107.5,107.5,100.05,102.85,142722
SAMBHAAV,20200813,2,2.1,2,2.1,17339
SANCO,20200813,11.2,11.45,10.1,10.95,278747
SANDESH,20200813,489.9,490,481.1,489.8,145
SANDHAR,20200813,210.2,223.7,208.45,218.75,51616
SANGAMIND,20200813,48.3,50.5,48.3,49.95,51642
SANGHIIND,20200813,25.55,25.55,24.1,24.35,419742
SANGHVIFOR,20200813,22.4,22.4,22.4,22.4,7218
SANGHVIMOV,20200813,70.55,78,68.25,75.15,111135
SANGINITA,20200813,66.5,68.4,64.25,67.4,53530
SANOFI,20200813,8350,8350,8165,8187.5,24732
SANWARIA,20200813,2.4,2.4,2.3,2.35,1334904
SARDAEN,20200813,235.15,247.25,235.15,239.35,231446
SAREGAMA,20200813,476,480,466,475.5,13935
SARLAPOLY,20200813,17.85,18.45,17.4,17.55,109801
SASKEN,20200813,600.7,615.8,600,611.8,55704
SASTASUNDR,20200813,107.9,108,97,102.2,8638
SATHAISPAT,20200813,2.2,2.2,2.2,2.2,7277
SATIA,20200813,109.95,110,108.9,109.7,136148
SATIN,20200813,72.9,74.95,68.55,69.95,547825
SATIN-RE,20200813,18.65,18.65,18.3,18.65,1058623
SBICARD,20200813,795.75,810,788.8,792.3,2719245
SBIETFQLTY,20200813,103.46,103.46,101,101.37,13378
SBILIFE,20200813,860.9,868,855.1,861.5,666359
SBIN,20200813,205.5,207.3,200.75,201.9,70443500
SCAPDVR,20200813,1.2,1.2,1.2,1.2,35839
SCHAEFFLER,20200813,3536.3,3546.6,3496,3506,1515
SCHAND,20200813,67.6,70,65.6,66.15,31200
SCHNEIDER,20200813,82,84.6,76.5,78.3,452409
SCI,20200813,61.35,61.45,60.2,60.6,1441251
SDBL,20200813,47.3,48,46.5,47.1,182156
SEAMECLTD,20200813,414.95,417.65,405,409.1,2624
SELAN,20200813,114.8,114.8,110,110.2,32458
SEPOWER,20200813,2.7,2.8,2.6,2.75,20083
SEQUENT,20200813,131.9,139.35,131.5,136.8,2368773
SESHAPAPER,20200813,150.1,154.55,150,153,66275
SETCO,20200813,10.7,10.8,10.1,10.65,103129
SETF10GILT,20200813,203.6,205.99,202.01,204.1,218
SETFGOLD,20200813,4800,4800,4677,4682.8,17724
SETFNIF50,20200813,117.09,117.25,116.5,116.87,94663
SETFNIFBK,20200813,222,223.26,220.47,220.92,48558
SETFNN50,20200813,281.81,285.45,280.1,285.25,3992
SETUINFRA,20200813,1,1,0.9,0.95,153882
SEYAIND,20200813,76.75,77.95,75.05,75.75,18726
SFL,20200813,1375.35,1474,1342,1364.65,124106
SGL,20200813,8.35,8.4,8.15,8.25,11250
SHAHALLOYS,20200813,7.4,7.4,7.15,7.15,179
SHAKTIPUMP,20200813,172.55,173.7,168,169.6,28063
SHALBY,20200813,91.8,94.7,89.65,90.1,353523
SHALPAINTS,20200813,67.7,69.3,66.15,66.55,208192
SHANKARA,20200813,370,373.4,350,353.05,124275
SHANTIGEAR,20200813,87.3,90.8,86.1,89.1,112508
SHARDACROP,20200813,315.1,329,300.15,314.15,185435
SHARDAMOTR,20200813,863.05,945,863.05,925.6,13194
SHARIABEES,20200813,305,305,286.1,297.99,420
SHEMAROO,20200813,58.95,59.35,58,59.35,88506
SHIL,20200813,73.65,83,71.6,79.25,424602
SHILPAMED,20200813,635,642.9,607.6,610.6,179457
SHIRPUR-G,20200813,8.3,9.1,8.1,9.1,334548
SHIVAMAUTO,20200813,14.85,15.4,14.3,15.05,113412
SHIVAMILLS,20200813,23.25,25,23.25,24.5,31484
SHIVATEX,20200813,83.5,83.5,78,79.45,4932
SHK,20200813,82.7,82.9,79.6,81,1796346
SHOPERSTOP,20200813,166,180,165.1,175,1137163
SHREDIGCEM,20200813,49.25,49.3,47.8,48.2,438263
SHREECEM,20200813,21569,21644.45,21103.3,21237,66877
SHREEPUSHK,20200813,114.75,116.5,112.85,113.6,16311
SHREERAMA,20200813,5.75,6.35,5.75,6.35,197973
SHRENIK,20200813,52.35,52.35,50.8,51.25,23819
SHREYANIND,20200813,81,83.35,80.05,82.2,29455
SHREYAS,20200813,81.3,89.6,81.3,85.6,21169
SHRIPISTON,20200813,582,592,568.25,568.25,12
SHRIRAMCIT,20200813,699,720,691,716.6,116898
SHRIRAMEPC,20200813,3.5,3.5,3.35,3.5,159750
SHYAMCENT,20200813,3.25,3.4,3.25,3.4,25119
SICAGEN,20200813,12.3,12.9,11.85,11.85,42047
SICAL,20200813,9.35,9.45,9.15,9.3,203144
SIEMENS,20200813,1181,1184,1160,1178.2,891961
SIGIND,20200813,20,20.85,19.95,20.6,8406
SIL,20200813,10.2,10.2,9.5,9.5,10653
SILINV,20200813,137.3,147.45,137.3,140.45,1439
SILLYMONKS,20200813,31,31.1,29.5,29.5,1654
SIMBHALS,20200813,7.2,7.5,7,7.5,7510
SIMPLEXINF,20200813,34.5,34.9,33.35,34.15,128437
SINTEX,20200813,1.8,1.8,1.8,1.8,677321
SIRCA,20200813,230.7,232.7,226,226.85,13965
SIS,20200813,385,385,376.4,378.7,27472
SITINET,20200813,1.75,1.8,1.75,1.75,131948
SIYSIL,20200813,151.7,153,148.65,149.95,127891
SJVN,20200813,22.15,22.25,22.1,22.2,457541
SKFINDIA,20200813,1514,1514,1495.15,1505.25,15732
SKIL,20200813,4,4,3.7,3.7,30292
SKIPPER,20200813,41,42.15,39.85,41.2,384104
SKMEGGPROD,20200813,39.55,47.5,39.55,47.35,545595
SMARTLINK,20200813,72.9,72.9,67.35,69.3,22312
SMLISUZU,20200813,418,433.95,413.8,425.5,132262
SMSLIFE,20200813,443.95,443.95,422,423.5,12510
SMSPHARMA,20200813,97.7,100,96,97.25,1014340
SNOWMAN,20200813,32.45,32.8,31.15,31.6,814948
SOBHA,20200813,227.5,227.5,223.2,225.3,189932
SOLARA,20200813,912,944.9,882.7,893.4,125270
SOLARINDS,20200813,1008,1025,1008,1018.9,20902
SOMANYCERA,20200813,138.45,145.15,134,134.8,198126
SOMATEX,20200813,3,3,3,3,2509
SOMICONVEY,20200813,18.75,21.5,18,18.7,8220
SONATSOFTW,20200813,300,313,300,310.65,823148
SORILINFRA,20200813,56.9,58.45,54.95,56.35,157834
SOTL,20200813,669.95,698,665.5,677.5,3976
SOUTHBANK,20200813,7.5,7.55,7.25,7.25,18913478
SOUTHWEST,20200813,23.9,23.9,21.7,21.75,16622
SPAL,20200813,84,91.7,81.75,86,134659
SPANDANA,20200813,620,629,618,624.35,20697
SPARC,20200813,182.6,184.5,181.2,181.95,444872
SPECIALITY,20200813,33.8,35.8,33.8,35.25,159295
SPENCER-RE,20200813,21,21,17.9,18.2,444103
SPENCERS,20200813,87.5,88.2,85.55,86.05,578008
SPENTEX,20200813,0.65,0.7,0.65,0.65,47782
SPIC,20200813,23.25,23.4,22.45,22.55,270529
SPICEJET,20200813,49.65,52.2,49.3,50.35,15385730
SPLIL,20200813,29.1,33.85,28.55,31.3,255960
SPMLINFRA,20200813,9.45,10.15,9.4,10.15,145300
SPTL,20200813,2.6,2.7,2.5,2.5,3315072
SPYL,20200813,0.4,0.4,0.35,0.35,89726
SREEL,20200813,139.7,141,136.3,137.45,10077
SREINFRA,20200813,7.25,7.85,7.15,7.85,3317357
SRF,20200813,4171.1,4235,4145,4206.05,328144
SRHHYPOLTD,20200813,180.95,180.95,176.05,177.7,7274
SRIPIPES,20200813,179.2,181.85,179.2,180.85,37092
SRTRANSFIN,20200813,668.4,705.5,664.4,702.3,5556702
SSWL,20200813,431.65,447,429,440.2,88416
STAR,20200813,584,592.65,556,561.3,1563770
STARCEMENT,20200813,89.25,89.7,88,88.15,112029
STARPAPER,20200813,101.65,102.25,100,101,107737
STCINDIA,20200813,52.3,54.6,52.3,53.7,66228
STEELCITY,20200813,33,38.5,31.65,35.75,31526
STEELXIND,20200813,31.05,31.05,30,30.1,161142
STEL,20200813,57.65,61.9,57.65,60.3,321635
STERTOOLS,20200813,180,181.45,178.6,179.45,43462
STINDIA,20200813,3.6,3.6,3.6,3.6,56
STRTECH,20200813,131.7,134.35,130.55,132.65,1044721
SUBCAPCITY,20200813,18.5,18.5,18.5,18.5,101
SUBEX,20200813,12.45,12.7,11.8,12.05,3756607
SUBROS,20200813,208,250,205.8,227.3,746452
SUDARSCHEM,20200813,432.15,436.65,418.3,422.4,214124
SUJANAUNI,20200813,0.35,0.4,0.3,0.4,1066487
SUMEETINDS,20200813,1.85,1.85,1.85,1.85,65253
SUMICHEM,20200813,276,277,271,273.3,231987
SUMIT,20200813,9.4,9.85,9.15,9.85,114900
SUMMITSEC,20200813,414.85,414.85,392,400.2,1100
SUNCLAYLTD,20200813,1640,1740,1610.85,1662.95,5757
SUNDARAM,20200813,1.45,1.45,1.4,1.4,120796
SUNDARMFIN,20200813,1365,1365,1346.1,1349.5,10330
SUNDARMHLD,20200813,47.95,48.2,47.6,48,41201
SUNDRMBRAK,20200813,220.9,234,220.9,229.9,4302
SUNDRMFAST,20200813,441,455,430.55,450,154140
SUNFLAG,20200813,46.35,47.9,45.25,45.8,274178
SUNPHARMA,20200813,532.15,535.95,519.05,520.8,8730794
SUNTECK,20200813,226,229,219.55,221.7,185753
SUNTV,20200813,401.9,411,398.25,405.65,1833673
SUPERHOUSE,20200813,90,90,85.2,86.7,14649
SUPERSPIN,20200813,5,5.05,4.65,5.05,27248
SUPPETRO,20200813,198.55,198.55,192.2,194.4,18635
SUPRAJIT,20200813,168.25,178.5,168.25,176.1,104276
SUPREMEIND,20200813,1239.7,1252,1202.6,1215.45,73396
SURANASOL,20200813,7.05,7.05,6.8,7,23092
SURANAT&P,20200813,3.65,3.75,3.6,3.7,64556
SURYALAXMI,20200813,17.3,17.75,16.9,17.05,7407
SURYAROSNI,20200813,163.75,172.6,160.05,166.2,138228
SUTLEJTEX,20200813,23,23.35,21.25,22.5,535381
SUVEN,20200813,47.5,52.3,47.5,52.3,1589172
SUVENPHAR,20200813,690,700.15,675.6,679.3,193094
SUZLON,20200813,3.95,4.05,3.9,3.9,13953569
SWANENERGY,20200813,145,145,137.05,139.15,150694
SWARAJENG,20200813,1500.05,1594,1500.05,1535.5,22745
SWELECTES,20200813,101.1,104.8,97.65,100.4,6835
SWSOLAR,20200813,253.8,261.25,250.25,256.3,273618
SYMPHONY,20200813,832.55,844.3,830.5,841.4,24713
SYNCOM,20200813,2.3,2.3,2.1,2.1,369810
SYNGENE,20200813,493.3,494,481.2,487.6,511102
TAINWALCHM,20200813,51.35,51.6,49.55,50.2,2980
TAJGVK,20200813,145.5,152.9,144.55,149.55,560146
TAKE,20200813,47.95,50,46.35,47.95,805469
TALBROAUTO,20200813,115.85,116.5,110.25,112.65,45874
TANLA,20200813,171.25,171.25,168.05,171.25,697983
TANTIACONS,20200813,1.9,1.9,1.9,1.9,3865
TARMAT,20200813,41.9,41.9,41.9,41.9,1216
TASTYBITE,20200813,12489,12650,12400,12468.8,1006
TATACHEM,20200813,299.5,300.9,295.7,296,1026952
TATACOFFEE,20200813,107,110.2,106.5,108.7,1633433
TATACOMM,20200813,795,810,755,774.7,144026
TATACONSUM,20200813,520,543,518.55,539.05,7877240
TATAELXSI,20200813,1019.45,1039,1015.65,1019.85,488055
TATAINVEST,20200813,784.9,785,772.1,775.6,14221
TATAMETALI,20200813,510.95,519.9,507.3,510.5,31705
TATAMOTORS,20200813,126.1,131.9,124.4,131.15,95490351
TATAMTRDVR,20200813,43.3,49.3,42.75,47.3,22224001
TATAPOWER,20200813,55,57.9,52.55,56.1,112756517
TATASTEEL,20200813,418.2,421.7,408.85,413.1,12422203
TATASTLBSL,20200813,24.5,24.65,23.8,24,1845948
TATASTLLP,20200813,318.55,322.7,311.5,315.5,59430
TBZ,20200813,33.05,36,33.05,35.4,235006
TCI,20200813,190.35,214.4,190.35,210.35,368772
TCIDEVELOP,20200813,286.65,294,272.5,288.5,2161
TCIEXP,20200813,740,789,740,785.55,66154
TCIFINANCE,20200813,5.8,5.85,5.7,5.85,12566
TCNSBRANDS,20200813,338,357,335.3,346.45,133249
TCPLPACK,20200813,327.9,349,327.9,342.95,11199
TCS,20200813,2273,2300,2250.5,2254.45,2695682
TDPOWERSYS,20200813,116.5,120.5,115.1,119.85,63497
TEAMLEASE,20200813,2088,2206.7,2072.65,2159.05,52315
TECHIN,20200813,3.3,3.3,3.3,3.3,2006
TECHM,20200813,695.9,705.8,684.3,697.05,7108877
TECHNOE,20200813,177.95,178,176.35,177,13821
TECHNOFAB,20200813,8.6,9.45,8.55,9.2,12840
TEJASNET,20200813,73.85,73.85,67,69.8,737931
TERASOFT,20200813,29,29.5,28.3,29.05,14646
TEXINFRA,20200813,36.9,38,36.15,36.35,58075
TEXMOPIPES,20200813,12.7,14.1,12.7,14.1,168528
TEXRAIL,20200813,25.9,26.5,25.3,26,815048
TFCILTD,20200813,36.5,39.5,35.7,39.2,813431
TFL,20200813,3.4,3.4,3.25,3.4,910
TGBHOTELS,20200813,4.7,4.7,4.3,4.7,6168
THANGAMAYL,20200813,344.5,344.5,336.05,337.75,55645
THEINVEST,20200813,106.1,109,105,108.8,10706
THEMISMED,20200813,400.1,403.95,388,392.95,11508
THERMAX,20200813,730,755.6,730,751.2,69530
THOMASCOOK,20200813,32,34.1,31.25,34.1,950117
THOMASCOTT,20200813,5.45,5.45,5.45,5.45,127
THYROCARE,20200813,704,713.3,695.05,705.1,76108
TI,20200813,17.6,18.4,17.35,18,232088
TIDEWATER,20200813,4850,4865,4775,4817.95,1471
TIIL,20200813,244.95,245,228.55,242.45,12501
TIINDIA,20200813,554,603,545,594.2,274905
TIJARIA,20200813,6,6.1,5.85,5.9,17521
TIL,20200813,150.05,154,146.25,148.65,13677
TIMESGTY,20200813,24.3,26.4,24.3,26.25,1008
TIMETECHNO,20200813,38.4,39.75,38.2,38.5,372177
TIMKEN,20200813,1010,1016.9,995,996.4,9399
TINPLATE,20200813,146.5,148.9,144.45,145.35,731665
TIPSINDLTD,20200813,185.9,190,178.2,183.75,14384
TIRUMALCHM,20200813,61.95,62.75,61.1,61.35,339033
TIRUPATIFL,20200813,34.9,34.9,32.65,34.9,6891
TITAN,20200813,1064.05,1103.15,1062,1097.65,5476731
TMRVL,20200813,10,10.1,9.7,9.9,38637
TNPETRO,20200813,40.3,40.3,38,38.75,501863
TNPL,20200813,125,126.5,122.7,123.35,422975
TNTELE,20200813,1.8,1.8,1.75,1.75,787
TOKYOPLAST,20200813,61.4,61.4,58.1,58.75,5092
TORNTPHARM,20200813,2832,2859.85,2778.05,2798.95,856428
TORNTPOWER,20200813,345,347.8,341.05,342.2,1102005
TOUCHWOOD,20200813,49.95,52.4,47.75,51.3,12334
TPLPLASTEH,20200813,118.65,118.65,114.1,115.75,6955
TREEHOUSE,20200813,8.15,8.15,8.15,8.15,127406
TREJHARA,20200813,9.05,9.1,9,9.1,3047
TRENT,20200813,555.1,589.5,555.1,575.1,696313
TRF,20200813,119,123,111.45,112.55,249154
TRIDENT,20200813,6.75,6.8,6.7,6.75,8065247
TRIGYN,20200813,38.8,40.45,37.7,39.9,109899
TRIL,20200813,10.5,10.6,10.2,10.3,76520
TRITURBINE,20200813,64.9,66.3,63.9,65,697320
TRIVENI,20200813,78.45,78.6,76.2,76.55,898589
TTKHLTCARE,20200813,539,549.5,522.1,530.9,14197
TTKPRESTIG,20200813,5426.05,5499,5380,5399.65,21312
TTL,20200813,34.9,36.8,33.2,34.35,42690
TTML,20200813,3.75,3.8,3.6,3.65,1451308
TV18BRDCST,20200813,34,34.1,33.35,33.7,2901744
TVSELECT,20200813,99.45,100.05,98.05,100.05,32822
TVSMOTOR,20200813,421.3,436.4,418,430.1,5840862
TVSSRICHAK,20200813,1560,1622.6,1451.05,1472,49161
TVTODAY,20200813,218.4,220.05,213,216.45,55362
TVVISION,20200813,1.95,1.95,1.95,1.95,5400
TWL,20200813,41.25,42.9,41,42.1,371227
UBL,20200813,964,996.95,961.35,986,887692
UCALFUEL,20200813,114,116.2,112,113.25,39711
UCOBANK,20200813,14.05,14.05,13.75,13.75,1552897
UFLEX,20200813,326.95,332.35,324.6,330.7,118602
UFO,20200813,80.4,82.3,79.15,80.6,773097
UGARSUGAR,20200813,14.6,14.85,14.35,14.45,112967
UJAAS,20200813,5.1,5.25,4.95,5.05,1568489
UJJIVAN,20200813,238,242.25,235.85,237.35,2286716
UJJIVANSFB,20200813,35.25,35.65,35,35.15,860892
ULTRACEMCO,20200813,4024.9,4075,4007.1,4047.3,545546
UMANGDAIRY,20200813,43.55,44.5,43.55,43.85,3261
UNICHEMLAB,20200813,245.4,258,242,252.4,358397
UNIENTER,20200813,62.8,63.2,58.2,60.85,8285
UNIONBANK,20200813,30.95,31.1,30.2,30.25,3301590
UNIPLY,20200813,5.5,5.6,5.45,5.5,563863
UNITEDTEA,20200813,294,304.9,292.5,297.15,6024
UNIVASTU,20200813,31.2,33.85,31.2,33,1746
UNIVCABLES,20200813,136.75,137.55,125.65,135.6,73095
UNIVPHOTO,20200813,251.9,253.2,251.9,253.2,2450
UPL,20200813,487.3,499.9,487.3,489.15,4549602
URJA,20200813,3,3.05,3,3.05,832449
USHAMART,20200813,22.75,23.25,21.75,22.6,1138427
UTINEXT50,20200813,287.99,287.99,278.1,283.01,197
UTINIFTETF,20200813,1210.4,1211.16,1196.6,1199.98,752
UTISENSETF,20200813,406,409.93,405,406.33,993
UTISXN50,20200813,301.99,302,301.99,302,790
UTTAMSTL,20200813,6.7,6.75,6.4,6.5,112713
UTTAMSUGAR,20200813,86.9,87.95,84.15,85.2,62112
UVSL,20200813,0.55,0.55,0.5,0.55,12308445
V2RETAIL,20200813,50.1,50.85,48,49.1,114107
VADILALIND,20200813,610.25,619.45,610.25,615.9,2390
VAIBHAVGBL,20200813,1894.85,1900,1736.1,1790.3,27667
VAISHALI,20200813,44.95,44.95,42.3,42.85,2076
VAKRANGEE,20200813,30.75,31.25,30.5,30.55,1069732
VARDHACRLC,20200813,29.25,29.65,28.95,29.15,47054
VARDMNPOLY,20200813,9.55,9.55,9.55,9.55,4232
VARROC,20200813,223.5,230.95,220.35,222.05,302514
VASCONEQ,20200813,8.9,9.05,8.9,8.9,117721
VASWANI,20200813,5.05,5.4,5.05,5.35,15884
VBL,20200813,740,775,740,770.7,241331
VEDL,20200813,124,125.9,123.4,124.45,10697676
VENKEYS,20200813,1153,1373.85,1152,1373.85,1830437
VENUSREM,20200813,110,110,104,107.15,30874
VERTOZ,20200813,121.7,122.5,120,120.7,30766
VESUVIUS,20200813,965,974,942,946.65,3951
VETO,20200813,45.2,45.8,42.25,44.8,7178
VGUARD,20200813,161.85,162,159.6,159.75,571251
VHL,20200813,1314.95,1336.75,1290.15,1336.25,920
VICEROY,20200813,2.8,2.8,2.75,2.8,16332
VIDHIING,20200813,95.45,99,93.2,94.45,648483
VIJIFIN,20200813,0.55,0.6,0.55,0.6,82859
VIKASECO,20200813,9.95,9.95,9.95,9.95,205764
VIKASMCORP,20200813,13.7,13.8,13.65,13.8,5834114
VIKASPROP,20200813,3.7,3.8,3.55,3.55,3348979
VIKASWSP,20200813,6.95,6.95,6.7,6.95,466963
VIMTALABS,20200813,117.7,119.5,115.8,116.95,244830
VINATIORGA,20200813,972,986,967.05,982.65,56140
VINDHYATEL,20200813,725,725,704.05,705.85,5077
VINYLINDIA,20200813,87,93.5,86,92.9,358935
VIPCLOTHNG,20200813,7,7,6.95,7,13377
VIPIND,20200813,274,278.45,270,274.2,971917
VIPULLTD,20200813,13.85,14.9,13.55,13.85,31527
VISAKAIND,20200813,325.1,330,320,321.35,46507
VISASTEEL,20200813,5.5,5.55,5.35,5.4,3759
VISHAL,20200813,273,280,272.35,277,2833
VISHNU,20200813,182.1,193.15,181,183.4,28904
VISHWARAJ,20200813,89.9,90,86.5,87,5816
VIVIDHA,20200813,0.4,0.4,0.35,0.4,220278
VIVIMEDLAB,20200813,16.3,16.3,15.5,15.95,536176
VLSFINANCE,20200813,53.45,53.5,51.95,52.2,27669
VMART,20200813,1820,1820,1775,1793.85,8048
VOLTAMP,20200813,1160,1165,1120.75,1128.35,8048
VOLTAS,20200813,608,621,606.35,618.55,3252490
VRLLOG,20200813,151.8,155,150.05,153.25,331598
VSSL,20200813,67.9,68.3,63.8,67.35,9915
VSTIND,20200813,3445,3454.95,3400,3422.45,27151
VSTTILLERS,20200813,1630,1699.9,1615,1657.4,75395
VTL,20200813,738.4,738.4,709,712.05,13389
WABAG,20200813,137.7,144.95,136.2,140.7,501362
WABCOINDIA,20200813,6995,7005.05,6992,7001.1,12141
WALCHANNAG,20200813,61.8,61.8,57.45,59.5,394295
WANBURY,20200813,43.9,43.9,41.55,41.55,47752
WATERBASE,20200813,94.9,109.5,94.25,107.85,2158216
WEBELSOLAR,20200813,17.55,18.2,17,17.5,30084
WEIZMANIND,20200813,30,30.6,28.65,29.6,6542
WELCORP,20200813,113.5,114.9,110.4,111.1,1047834
WELENT,20200813,69,73,68.6,69.5,316450
WELINV,20200813,255.7,255.75,243.7,244.8,8777
WELSPUNIND,20200813,50.95,51.85,48.6,49.15,2354765
WENDT,20200813,2540.05,2578.95,2464.1,2525.55,309
WESTLIFE,20200813,356.9,368,355.95,366.6,179345
WHEELS,20200813,430.35,437.4,430.35,433.05,10857
WHIRLPOOL,20200813,2050,2068,2018.25,2023.55,48442
WILLAMAGOR,20200813,17.9,18.3,17.25,17.75,19664
WINDMACHIN,20200813,13.05,13.45,13,13.4,21915
WIPL,20200813,49.9,49.9,49.9,49.9,50
WIPRO,20200813,277.9,281.85,274.8,277,9653956
WOCKPHARMA,20200813,312.5,319.2,311,312.9,430598
WONDERLA,20200813,174,179,169,172.5,237260
WORTH,20200813,47.3,47.3,43.25,45.4,7208
WSI,20200813,1.45,1.45,1.45,1.45,12629
WSTCSTPAPR,20200813,187.3,192,185.1,187.05,124636
XCHANGING,20200813,65.9,68,65.45,67.7,417621
XELPMOC,20200813,128,128.1,125,128,56017
XPROINDIA,20200813,23.4,24.9,23.05,23.6,1034
YESBANK,20200813,17.05,17.05,15.65,15.85,722526435
ZEEL,20200813,161.65,164.15,160.1,162.3,19407636
ZEELEARN,20200813,14.35,16.45,14.3,16.05,3265933
ZEEMEDIA,20200813,6,6.05,5.75,5.95,1054491
ZENITHBIR,20200813,0.75,0.8,0.7,0.75,68693
ZENITHEXPO,20200813,45.6,46.65,42.7,45.5,935
ZENSARTECH,20200813,176.85,176.95,172.2,172.8,79811
ZENTEC,20200813,89.9,92.35,83,88.35,1657865
ZICOM,20200813,1.65,1.65,1.65,1.65,1513
ZODIACLOTH,20200813,119.95,120.5,118,119.45,53315
ZODJRDMKJ,20200813,26.75,26.95,25.5,26.3,1290
ZOTA,20200813,143.35,143.35,141,141.6,8533
ZUARI,20200813,88,90.9,88,89,28739
ZUARIGLOB,20200813,54,54,52.55,53.55,16782
ZYDUSWELL,20200813,1614.9,1645,1600,1626.15,49246
NSENIFTY,20200813,11334.85,11359.30,11269.95,11300.45,562355175,0
NIFTYJUNIOR,20200813,27499.10,27590.55,27456.65,27515.80,252375683,0
NIFTYMIDCAPLIQ15,20200813,3961.10,4052.20,3957.25,4042.85,192070926,0
NSE100,20200813,11488.10,11512.65,11429.25,11458.90,814730858,0
NIFTY200,20200813,5871.20,5885.15,5846.45,5864.40,1893414317,0
NSE500,20200813,9314.95,9339.20,9280.30,9307.85,2339287272,0
NSEMIDCAP150,20200813,6191.45,6254.35,6189.95,6246.25,1099815498,0
MIDCAP50,20200813,4532.50,4612.70,4529.05,4604.60,1006723913,0
NSEMIDCAP,20200813,16359.75,16545.45,16354.05,16524.80,1078683459,0
NSESMLCAP100,20200813,5423.45,5466.90,5420.95,5433.65,-,0
NIFTYLARGEMIDCAP250,20200813,-,-,-,5813.41,1914546356,0
NIFTYAUTO,20200813,7801.10,7896.10,7757.05,7879.75,422670303,0
BANKNIFTY,20200813,22395.20,22439.95,22139.60,22196.35,289096635,0
NIFTYFINSERVICE,20200813,11050.05,11070.00,10959.40,10978.20,210048177,0
NIFTYFMGC,20200813,31680.80,31867.80,31441.10,31668.15,48597230,0
NSEIT,20200813,18141.35,18344.05,18032.90,18107.20,35340992,0
NIFTYMEDIA,20200813,1407.20,1426.90,1404.75,1418.15,47373341,0
NIFTYMETAL,20200813,2370.70,2403.05,2359.85,2380.65,114247218,0
NIFTYPHARMA,20200813,11621.50,11718.90,11456.50,11477.95,50037872,0
NIFTYPVTBANK,20200813,12189.05,12217.25,12062.55,12090.45,174304297,0
NIFTYPSUBANK,20200813,1487.70,1495.65,1459.05,1462.80,135914461,0
NIFTYREALTY,20200813,208.40,209.65,207.25,208.95,18908731,0
NIFTYCOMMODITIES,20200813,3109.25,3127.60,3101.35,3112.60,274107959,0
NIFTYCONSUMPTION,20200813,5075.75,5109.80,5049.60,5093.20,278887185,0
NIFTYCPSE,20200813,1448.60,1454.45,1439.65,1450.50,104099699,0
NIFTYENERGY,20200813,15575.60,15608.00,15492.35,15540.55,196782809,0
NIFTY100ESG,20200813,-,-,-,2214.36,710141086,0
NIFTY100ENHESG,20200813,-,-,-,2228.69,690231119,0
NIFTYINFRA,20200813,3196.60,3222.85,3187.30,3216.80,552135877,0
NIFTYMNC,20200813,13967.05,14047.20,13947.90,14023.15,444253462,0
NIFTYPSE,20200813,2518.80,2532.65,2503.85,2527.75,316446225,0
NIFTYSMEEMERGE,20200813,-,-,-,1247.45,925036,0
NIFTYSERVSECTOR,20200813,14724.15,14777.55,14621.30,14646.70,355129469,0
NIFTYSHARIAH25,20200813,-,-,-,4487.56,128550854,0
NIFTY50SHARIAH,20200813,-,-,-,2744.79,115381797,0
NIFTY500SHARIAH,20200813,-,-,-,3228.02,548885973,0
NIFTYABGROUP,20200813,-,-,-,2718.09,223695274,0
NIFTYMAHINDRA,20200813,-,-,-,9601.85,23402621,0
NIFTYTATA,20200813,-,-,-,7088.90,292067961,0
NIFTYTATA25CAP,20200813,-,-,-,4821.16,265738114,0
NIFTYABGROUP,20200813,-,-,-,2718.09,223695274,0
NIFTYLIQ15,20200813,2827.40,2836.15,2809.65,2816.60,314466700,0
NIFTY500VALUE50,20200813,-,-,-,3172.10,799979549,0
NIFTYQUALLOWVOL30,20200813,-,-,-,8635.01,109012667,0
NIFTYALPHAQUALLOWVOL30,20200813,-,-,-,9908.48,124021746,0
NIFTYALPHAQUALVALLOWVOL30,20200813,-,-,-,7529.10,139457472,0
NIFTY50EQUALWEIGHT,20200813,11656.10,11691.50,11605.15,11652.50,562355175,0
NIFTY100EQUALWEIGHT,20200813,12732.80,12766.60,12693.15,12741.20,814730858,0
NIFTY100LOWVOL30,20200813,9121.05,9141.55,9074.45,9095.90,154963046,0
NIFTY50DIVPOINT,20200813,46.71,46.71,46.71,46.71,-,0
NIFTYDIVOPPS50,20200813,2445.65,2457.00,2434.60,2445.00,753096626,0
NIFTYALPHA50,20200813,15461.65,15532.60,15421.00,15436.85,138792836,0
NIFTY50ARBITRAGE,20200813,-,-,-,1901.69,-,0
NIFTY50FUTINDEX,20200813,-,-,-,3787.10,-,0
NIFTY50FUTTRINDEX,20200813,-,-,-,11710.13,-,0
NIFTYHIGHBETA50,20200813,-,-,-,1151.00,1201625986,0
NIFTYLOWVOL50,20200813,-,-,-,11138.73,153242398,0
NIFTY50VALUE20,20200813,5593.15,5629.45,5560.10,5578.70,203878317,0
NIFTYGROWSECT15,20200813,5476.30,5491.10,5439.25,5446.60,137577029,0
NIFTY50TR2XLEV,20200813,5386.10,5409.25,5325.25,5353.50,-,0
NIFTY50PR2XLEV,20200813,4078.55,4096.05,4032.40,4053.85,-,0
NIFTY50TR1XINV,20200813,336.80,338.75,336.10,337.85,-,0
NIFTY50PR1XINV,20200813,386.85,389.05,386.00,388.05,-,0
NIFTY-GS-COMPSITE,20200813,2245.07,2246.19,2245.04,2245.20,-,0
NIFTY-GS-4-8YR,20200813,2343.97,2344.38,2343.45,2344.39,-,0
NIFTY-GS-8-13YR,20200813,2203.59,2204.95,2203.50,2203.52,-,0
NIFTY-GS-10YR,20200813,1996.79,1997.29,1994.38,1994.39,-,0
NIFTY-GS-10YR-CLN,20200813,971.92,972.16,970.74,970.75,-,0
NIFTY-GS-11-15YR,20200813,2378.01,2380.49,2378.01,2379.60,-,0
NIFTY-GS-15YRPLUS,20200813,2622.09,2622.09,2619.54,2620.63,-,0
VIX,20200813,20.85,21.19,19.46,20.57,0,0
